1.210681998784859936e-01 -2.329722580386168218e+01 -1.654012710715700862e+01
0.000000000000000000e+00 0.000000000000000000e+00 0.000000000000000000e+00
1.573643894778901653e-01 -6.952322478994554800e+00 -1.707141930740065305e+01
-5.658930477891174426e+00 2.431903721406266783e+01 -8.158170373265903663e+00
-7.459153599304127469e-02 7.387784225146002193e+00 2.459368957658040422e+00
-1.371997022785731157e-01 1.728765903067182563e+01 5.545457583795420503e-02
3.890376232658787625e-02 4.136704314801562532e+01 -1.735027409901140416e+01
-4.779098860132467763e+01 4.429107989420365499e+01 -4.270417257375024889e+01
4.669551979290398336e-02 6.201130060904407770e+01 -2.141401218545075125e+01
4.014697771710185048e-02 7.234409609998752444e+01 -1.965502305615715528e+01
-6.409239005518352350e-02 1.045271160395692505e+02 -2.534526002443303128e+01
1.442071835726777551e-01 -2.683852999237553050e+01 -1.753889299446648309e+01
1.698936654460663775e-01 -2.940989917948517274e+01 -2.001423753667127414e+01
2.245489596467328819e-01 -3.040731077296386076e+01 -2.309305379849954676e+01
5.227463178216040784e-01 -3.195028298185524918e+01 -2.346550666802444240e+01
5.594468301488468853e-01 -3.502406735550913197e+01 -2.256384525507748862e+01
5.352896535808440159e-01 -3.887692798157598872e+01 -2.150203790705320372e+01
5.740534785437637622e-01 -4.267986592992589578e+01 -2.279149782017674397e+01
6.668070334563904744e-01 -4.818990407494825234e+01 -2.971024495073209692e+01
-4.121429922022001868e-02 -3.621676491925554853e+00 -3.523845991672583278e+00
-5.490499178695074534e+00 -2.933085994930955120e+00 -1.263202559219866394e+01
-7.190645325427151136e+01 7.269083867652304320e+01 -7.380674606869810361e+01
-2.860782506367113598e+01 3.739351170409864267e+01 -3.564523532785420201e+01
-3.530776283901918333e+01 3.689939614660135447e+01 -3.634517061964977813e+01
-4.166669098373071023e+01 3.736816798226343650e+01 -3.835207453618170348e+01
-5.013841678600492457e+01 4.171416728906921634e+01 -4.393703546085647815e+01
-2.292662027878082398e+01 3.926660925054245865e+01 -3.662847923930615224e+01
-3.735483299356991438e+01 5.652945969978796370e+01 -3.296888484627444171e+01
-3.030653991310285278e+01 5.587338368174576431e+01 -3.295622073331222168e+01
-4.393899820014714663e+01 5.551034841240001327e+01 -3.541193843907161209e+01
-4.841292061697794225e+01 5.297875975535563953e+01 -3.822579875339977207e+01
-5.545663458915739596e+01 3.696192768965239850e+01 -4.759986041091370623e+01
-2.317123245618577698e+01 -5.760498732248951370e+01 -3.804968389985335619e+01
-5.009724236433086020e+01 4.622677079455091587e+01 -4.493816331433059474e+01
-7.472196118129235742e+01 4.178516204946732415e+01 -7.741475435517963888e+01
-6.281998833632393797e+01 4.264896817241356786e+01 -5.437709225722138484e+01
-3.266722886019506689e+01 7.063162091911380891e+00 -3.071597558590919874e+01
-7.498796769029267395e+00 -2.216489955253712196e+01 -1.746147757016791502e+01
-6.243311257000938141e+00 -2.923132350126061851e+01 -2.094276857105985457e+01
-1.522024070161282872e+01 -2.438449791055899851e+01 -2.144207295176761008e+01
-2.011143573281052355e+01 -2.704901305296706226e+01 -2.606013996430082003e+01
-1.178524036667149133e+01 -2.961865939896197730e+01 -2.333805656456328137e+01
-1.607919421075868982e+01 -3.015268956648462506e+01 -2.768124973643235975e+01
-2.819188917844807207e+01 -3.697120281032038491e+01 -3.664724179653983782e+01
-5.317320887542457797e+00 2.031299492428302322e-01 -6.250863128022716708e-01
-6.327621369268500828e+00 7.285423072586211468e+00 1.609860838223308610e+00
-5.907336280599715650e+01 6.213345763596457516e+01 -4.084683004152845598e+01
-1.967351358075346468e+01 2.520049488385275538e+01 -2.926358252609623278e+01
-1.956094201564198087e+01 2.117630044255955468e+00 -1.679131416482726280e+01
-2.023479091896718884e+01 6.089472133963665712e+00 -1.863310433993329696e+01
-5.263964294076136241e+01 8.189966639461072617e+00 -3.940424697916278518e+01
-6.075590304598171620e+00 1.650125397732712784e+01 -2.025853222590319636e+00
-4.402121772746037465e+01 7.052757446314582523e+01 -2.936112460331889196e+01
-5.282876296319422948e+01 6.773932011558073896e+01 -3.475520192115428841e+01
-6.572353213075267320e+01 8.529757687451821369e+01 -6.012282417710542859e+01
-1.491044148053594753e+01 6.435009317580026789e+01 -2.338209614903454892e+01
-2.403387521908674884e+01 5.331341002536463236e+01 -3.481675385264650657e+01
-3.306276625468356656e+01 -3.043396235762144642e+01 -3.788429874311861312e+01
-6.538681001259190850e+01 -2.293413710728384913e+01 -9.800261213026118412e+01
-1.465810778504820355e+01 -1.731641055381814454e+00 -1.933629345337001482e+01
-9.427886649224724636e+00 -3.819607871834957979e+00 -1.914006095678249508e+01
-2.541174005481435927e+01 -3.087357221950874475e+01 -3.676736545122971478e+01
-2.255183517759131462e+01 -3.030950129172207852e+01 -3.484290718549073063e+01
-5.674657764448022590e+01 7.275694756680884723e+01 -3.762760971804754462e+01
-1.958754885291149961e+01 -9.585739539576658697e-01 -2.056472260316161282e+01
-3.186544208889101171e+01 7.016487036859315651e+01 -2.534508447563584355e+01
-3.316678913073763368e+01 7.614625845045692643e+01 -2.375556283519916079e+01
-3.916918387720166805e+01 1.014243699201925466e+02 -3.381307940918429722e+01
-6.137974572740199619e+01 7.899715345094725194e+01 -4.704306372190880836e+01
-3.548273632756409768e+01 8.868969408619159367e+01 -2.824129078938814175e+01
-6.322246729577103963e+01 6.555130298901828212e+01 -4.638257761751909669e+01
-6.775099230988271870e+01 6.858407326403852267e+01 -5.899821039307458648e+01
-7.017758164030738044e+00 -2.628558115273282425e+01 -1.837735181594004530e+01
-1.329585109771535656e+01 -2.763526400223565105e+01 -2.201092828951038882e+01
-1.809850651753642836e+01 -2.874497646521622229e+01 -2.632496710386850935e+01
-1.295229447084635410e+01 -3.000084417675028092e+00 -2.104600491496360348e+01
-2.389078181352272878e+01 -3.072905351317042033e+01 -3.578004432356246411e+01
-2.146887510906349661e+01 -3.205140254054221316e+01 -3.186463486710085391e+01
-2.200452914831591400e+01 -2.979554724812509647e+01 -3.467676232602056530e+01
-1.169888021415707158e+01 6.086538082317918263e-01 -1.015504502239238072e+01
-1.479665322602544109e+01 -2.963990868695878689e+01 -2.879350051507528718e+01
-1.043413656548474577e+01 -2.986684294513417015e+01 -2.598784963365906719e+01
-5.409237570031455888e+00 -3.013240996398388916e+01 -2.375709137499234203e+01
-7.787991198013455296e+00 -4.810892323275736970e+01 -3.001802293173789238e+01
-7.357850284825376619e+00 -4.210389363032020071e+01 -2.316029630159010111e+01
-7.034379630744811429e+00 -3.800527319814345617e+01 -2.210614612330831008e+01
-6.435929768060669964e+00 -3.431495063251389155e+01 -2.328748757740409658e+01
-5.844437464104626834e+00 -3.172324251942099593e+01 -2.421807669403924024e+01
-1.597930216965784922e+01 -3.092197092588865459e+01 -2.915612738126417725e+01
-1.696494215609222067e+01 -3.186800206156945237e+01 -2.816179311791292506e+01
-1.840044888659813438e+01 -3.377540965340160284e+01 -2.724646469308077812e+01
-1.966400291190325333e+01 -3.613977220162839643e+01 -2.853033212733999946e+01
-2.605044382744803855e+01 -1.876272448522512448e+01 -2.825724760998009089e+01
-7.334291468585900020e+01 1.172309226412287231e+01 -1.065220824037444203e+02
1.207983504049213036e-01 -4.848939117068091775e+00 -1.236323180780136433e+01
-1.878515905062759117e+01 -3.066661302485338325e+01 -3.232568702658633697e+01
-2.000406041736011531e+01 -3.113991332312432903e+01 -3.173213258772006640e+01
-7.384079275694801048e+00 -6.968029920705734348e+00 -1.883439667119626293e+01
-1.722047711809980086e+01 -5.206382983870392778e+00 -2.559752338254844872e+01
-8.338879187474454113e+00 -5.444991353730136652e+00 -1.889592969917427112e+01
-2.657476713210696317e+01 2.101541995926904960e+01 -3.174066339817007432e+01
-3.747843724184125591e+01 1.627187975907540007e+01 -3.408861291565352758e+01
-2.111025393058518773e+01 2.980515486761041721e+00 -2.252773348564614864e+01
-5.548061274316311398e+01 9.511671626861935636e+01 -4.597964512675715554e+01
-5.133050358638719501e+01 8.610811686408030141e+01 -3.701587503983998317e+01
-4.666518333914819294e+01 7.641485215759736604e+01 -3.009223974257340117e+01
-2.303157487328781272e+01 -4.135797132375595453e+01 -3.369267520469706056e+01
-1.705511574254612484e+01 7.416924187625598108e+01 -2.041685515903251513e+01
-1.889337014399021442e+01 8.836363448532856069e+01 -2.316943226793389243e+01
-2.124078039136647433e+01 1.040601815083236659e+02 -2.681888026907187594e+01
-4.706718083676025088e+01 3.890858855921140247e+01 -4.137798935800731925e+01
-6.259663051349193807e+01 3.180407597325197244e+01 -5.145565015626294070e+01
-1.926977214066318567e+01 4.124547704661092951e+01 -3.740173294537618887e+01
-5.570339341489786733e+01 5.141551792893383066e+01 -4.426565160877251515e+01
-1.512934343124870651e+01 2.996505485357210929e+01 -2.677639953991753785e+01
-1.603305890232019593e+01 4.837249059622945602e+00 -1.024352134233096301e+01
-6.945954607318527962e+01 2.731416032668144922e+01 -5.913798339016079808e+01
-5.805870639303467584e+01 2.622091482317933497e+01 -4.543354230484304423e+01
-4.939627168990109851e+01 2.315147172868978132e+01 -3.922462110741493291e+01
-3.654066542758362601e+01 2.429671976715573578e+01 -3.633691396015872499e+01
-2.714336449350039615e+01 2.729811547252167969e+01 -3.464156292826454830e+01
-2.019259595310079192e+01 3.074041512596796011e+01 -3.285419847224672196e+01
-6.277570236778915458e+00 3.958166423362306574e+01 -1.987063855275343727e+01
-6.792066840155898433e+01 1.200979158942344860e+01 -5.771417913222559548e+01
-6.137443841239299047e+01 5.310741547512829186e+01 -4.753593788170567080e+01
-3.153780366160314319e+00 -3.260179908348728173e+00 -3.904903337859408463e+00
-1.873341810998329393e+01 1.786942379993149643e+01 -2.657766201932567895e+01
-7.603202317884635875e+01 4.302238202739966511e+01 -9.997650832524844589e+01
-1.502284545219152889e+01 3.474040024767725754e+01 -3.175594574816776472e+01
-2.170822467526400956e+01 2.668415407141924156e+00 -2.908260968783352141e+01
-5.211035766118699541e+01 4.598922602657925296e+01 -4.630945108876779415e+01
-1.648458817133414200e+01 9.608512692694487711e+00 -1.258303996118302059e+01
-7.062193223231392381e+01 -5.281794029318845674e+00 -1.041347086654824068e+02
-1.929183809644473868e+01 4.407929654508657080e+01 -3.881845349147379665e+01
-1.155326340983059552e+01 1.388073165852478041e+01 -6.051351534520855502e+00
-5.077367134061795184e+01 -4.120935426981817784e+01 -6.208714200700597985e+01
-5.018607290420552403e+01 -4.767064896774011373e+01 -7.491424913153636567e+01
-7.378011886791938423e+01 1.159351699349249465e+01 -8.205758212999008094e+01
-5.935458383190007225e+01 -3.160997980238729355e+01 -7.034181739834846780e+01
-7.140470054209949069e+01 5.616169078920836455e+01 -7.008713319401178410e+01
-2.424301995746931837e+01 -6.345983440558264732e+01 -4.245607939429831390e+01
-2.256039591633383967e+00 -4.563523703472418092e+00 -1.285154475810056596e+01
-2.458813868276279280e+01 1.256377609848027532e+01 -2.917905556531280098e+01
-6.857032263668912719e+01 4.154110121569200942e+01 -6.108318873154527040e+01
-4.118737512258062594e+01 4.174144576588400213e+01 -3.864131214388813618e+01
-3.544773849442626101e+01 4.095848917945052392e+01 -3.697490662832073127e+01
-2.308326027540992698e+01 -3.343187726226197043e+01 -3.303542487292646257e+01
-6.577351694815025951e+01 -2.006233433626487539e+00 -6.033452027845839893e+01
-1.246391809074757795e+01 -7.191510020953676019e+01 -4.485337365357044348e+01
-3.142523184569134642e+01 -6.262070790447422297e+01 -5.761716947397231081e+01
-3.995490587032033858e+01 -5.661005537615564265e+01 -6.504691677905879033e+01
-1.497768580686698048e-02 8.770817023634168663e+01 -2.174530458834797386e+01
7.524711516786790622e-01 -7.319507010380851852e+01 -4.295309086131663179e+01
-2.977972603767226545e+01 4.128891597828477700e+01 -3.667306541053049784e+01
-2.441798527233940064e+01 4.247025068233690348e+01 -3.749641424109828591e+01
-2.094802420624751349e+01 4.330344762379907309e+01 -3.884407434841655515e+01
-6.627129431792820924e+01 5.482278976986692953e+01 -5.432866924839567702e+01
-2.507756107656576461e+01 4.878790059155198833e+01 -3.608598180658528065e+01
-3.091974565367013028e+01 5.064526859836678341e+01 -3.512174707559361764e+01
-3.678246614001218262e+01 5.107737243356861256e+01 -3.546217925215884037e+01
-4.263641940868591007e+01 5.009930749993105081e+01 -3.728652502411195258e+01
-4.633255968152234772e+01 4.843197449451336212e+01 -3.949874715174615147e+01
-7.512250087018621514e+01 5.939207680179718807e+01 -8.842270296680287345e+01
-4.506931699015033388e+01 4.298929941131024179e+01 -4.084041522734072061e+01
1.844969403624275028e-01 -1.195337453697965913e+01 -1.853251719934987918e+01
-2.033875459772093919e+01 -1.497082534374401419e+01 -2.503337210576627214e+01
-1.486698356103252294e+01 -6.424363582084123836e-01 -1.692418367639957921e+01
-8.283638126124522216e+00 -1.274933280537221414e+01 -1.910759505520823964e+01
5.812025295002221092e-02 5.168454375826198799e+01 -2.180104971197147634e+01
-4.177794909501104570e+01 -5.005872980164225083e+01 -5.591481142992771680e+01
-3.330695363961667255e+01 -5.671523351638126087e+01 -4.961313258118742908e+01
-1.308151539095648985e+01 -6.855258773681599394e+01 -3.628118883366514069e+01
-5.834691365895042736e+01 -3.724975662485066863e+01 -8.726833309405172656e+01
-2.104619873295591503e+01 4.598516211841375423e+01 -3.769846335375108737e+01
-1.066182797918994751e+01 2.776008369129515785e+01 -1.781042954620176388e+01
7.591457492081208347e-01 -6.956789323750160747e+01 -3.457867102741624166e+01
-2.257276628748158842e+01 -6.802094332240748997e+01 -4.991088787073576327e+01
-7.101817020350135579e+01 -3.912392522613792778e+00 -8.158455681220488032e+01
-1.137160729708498863e+01 -3.122746373708435996e+01 -2.643683003812211041e+01
-1.239221974166876272e+01 -3.304764855583459848e+01 -2.529669647174441849e+01
-1.343494957912295362e+01 -3.595216980923977701e+01 -2.429934573435577505e+01
-1.421567808833266788e+01 -3.960119958114686511e+01 -2.537399965091126575e+01
-1.625810462181742722e+01 -4.527908331682817789e+01 -3.096254198099384425e+01
-1.990166515755083410e+01 -3.028144946888380673e+01 -3.154599343734508921e+01
-2.184254187747034948e+01 -2.987580359818269216e+01 -3.148788473095460461e+01
-2.378701741869012665e+01 -2.887919210750245824e+01 -3.137071209407483252e+01
-3.073081925678907567e+01 -2.418352708935629281e+01 -3.277024565172267501e+01
-5.693891634662062984e+01 -6.546706269656541899e+00 -4.690830759788033077e+01
-1.063506158899160781e+01 3.524887550092216060e+01 -2.379011066920588391e+01
-1.425787896914960307e+01 4.978843684208182196e+01 -3.411761664258244764e+01
-1.819615492565305814e+01 4.816503113482696818e+01 -3.655387738974343392e+01
-1.856271061094783903e+01 -2.931964655107208984e+01 -3.218960025596553720e+01
-5.667259852923574925e+01 -2.274103859472092637e+01 -5.719252567970923451e+01
-8.583949131547656819e+00 5.053659129839261510e+01 -2.604263254315508291e+01
-2.005474021385723304e+01 -5.144798924587870914e+01 -3.501252301757120478e+01
-6.931257316941963342e-02 2.541577269140573492e+01 -5.922750198572848568e+00
-6.150610672822511837e+00 3.148637151345469576e+01 -1.336066139051012236e+01
-1.233522755783778013e-02 3.301472019628904064e+01 -1.181477128623272144e+01
-1.490188571943985707e+01 1.617390844038345321e+01 -1.816374890591130153e+01
7.491362621891094475e-01 -6.348764884295628264e+01 -3.056067317032357877e+01
7.294338138125531223e-01 -5.545348677935531612e+01 -3.019719182372325861e+01
-1.000941712969715169e+01 -5.513182872260573220e+01 -3.152423516540019577e+01
-3.472658368451815392e+01 -3.922837435454565025e+01 -4.094019892407109751e+01
-2.731048366471463140e+01 -2.811652497736727874e+00 -3.090134740673961034e+01
-2.806971899912051782e+01 -4.625130650518006092e+01 -3.825376536051725651e+01
-4.287663784474030138e+01 -1.123082231426277833e+00 -3.370728299713287868e+01
-3.340723427375970545e+01 -9.571835478243702511e+00 -3.207743404571771606e+01
-4.786872458606612923e+01 -1.220649972330125799e+01 -3.901339054947407448e+01
-1.224225473588891511e+01 -6.277889479176830889e+01 -3.235943781099639693e+01
-1.849039676419397082e+01 1.206532026897974141e+01 -2.292970498721527051e+01
-4.007391552563617410e+01 -4.352897220039226767e+01 -4.773582390674347664e+01
-3.166220581318830085e+01 -5.087885664931249607e+01 -4.380631166716500502e+01
-4.000087086611397780e+01 -3.079443551586617289e+01 -4.133477130001276123e+01
-6.326614155883471113e+01 -1.376282104889400415e+01 -6.308655406863865522e+01
-4.821238814626222791e+01 -3.094622252254147909e+01 -4.819659501944322955e+01
-6.678496289099211936e+01 -1.827000436988048904e+01 -7.909922329629014826e+01
-3.811605892345792057e+01 -1.864605662241946149e+01 -3.528630768783034455e+01
-1.459919397100483707e+01 2.291902579452053246e+01 -2.248028606022259623e+01
-1.383416887528195893e+01 1.688907688663617179e+00 -8.855163354987018565e+00
-1.750870604332391167e+01 -1.779297429718749990e-01 -1.617582058517333365e+01
-1.156807829447414804e+01 6.447087848027761581e+00 -4.169380621775966134e+00
-1.992047357135309582e+01 5.673525171715820647e+01 -3.182618662431130119e+01
-3.066485219236243154e+01 6.088596404179207866e+01 -3.096139447515342980e+01
-3.987254930038994161e+01 6.158017327175063116e+01 -3.167490657675726240e+01
-4.753332298342965601e+01 6.039926864444716159e+01 -3.458236717033229013e+01
-5.285779010510910325e+01 5.721903307355789536e+01 -3.882251761949296309e+01
-5.676157367248409003e+01 4.437500134913985050e+01 -4.926421811539076856e+01
-7.527592290070224124e+01 2.678447086989076809e+01 -8.000090464015008251e+01
-5.183096425978449417e+01 3.363005181389964804e+01 -4.408320034106075269e+01
-4.503237044635628905e+01 3.123277957184498277e+01 -4.012266523939163676e+01
-3.617348742588436039e+01 3.115731177524320117e+01 -3.736797879600013772e+01
-2.776541408996724414e+01 3.278761448455944105e+01 -3.572332525253906255e+01
-2.117886646821458996e+01 3.529100334855121446e+01 -3.571157201680781412e+01
-1.670569504843578557e+01 3.775974092798608694e+01 -3.507397792809175741e+01
-7.480053632635296879e+01 2.758415790353237540e+01 -1.054754591548110625e+02
-1.719826868945095200e+01 -2.024770723490163959e+00 -1.953338143823276951e+01
-1.063676257916278978e+01 2.101590766281461242e+01 -1.283767588104426238e+01
-9.643172683702895043e+00 1.322254442221634241e+00 -3.772578855244796969e+00
-6.073127430795854487e+00 -1.966768762429686124e+00 -6.578465934938380499e+00
-9.450652554840173636e+00 3.019525608702065544e-01 -7.010035345594601175e+00
-1.529313672946078917e+01 -4.108110795539493765e+00 -2.189624645768061484e+01
-5.025892717018148659e+00 -2.704806445054622532e+00 -4.896520278252208591e+00
-4.186088357230694612e+00 -4.038366998327401092e+00 -1.273445062503502179e+01
-1.690314034031340640e+01 4.360354601095291116e+01 -3.798771550445834322e+01
-1.316577851792506593e+01 4.189500235812732853e+01 -3.415798235493228674e+01
-1.115109303502145366e+01 4.060872345178822940e+01 -2.988696257581576532e+01
-4.848750677009612531e+01 4.722399136857800528e+01 -4.187009469259475480e+01
-5.176985013328113183e+01 5.030991405978801367e+01 -4.225391818213416428e+01
5.594629035862048738e+00 2.432681638485383502e+01 -8.222014430500150795e+00
4.768531656718830902e+01 4.424170584197081268e+01 -4.272490198358061519e+01
5.593426591240071133e+00 -2.978761954295380487e+00 -1.262140083451176764e+01
7.098624655608068679e+01 7.251514910408756975e+01 -7.390379061014726858e+01
2.851507464910859824e+01 3.728789182065049346e+01 -3.580165863848613839e+01
3.517003095533728185e+01 3.682242646479698323e+01 -3.648079303662147765e+01
4.147645139441939222e+01 3.731211192459630865e+01 -3.840920038254744640e+01
4.980459282572584101e+01 4.172787371099108356e+01 -4.400916727850874821e+01
2.298596952033654617e+01 3.915051265615100107e+01 -3.669847440490320878e+01
3.706153443908449674e+01 5.646875682872797597e+01 -3.307210251054403471e+01
2.997765484298952288e+01 5.580382541359757909e+01 -3.293333316535838406e+01
4.368502388210613674e+01 5.543513952191668182e+01 -3.547513000450077669e+01
4.814242166717413340e+01 5.290639613755206483e+01 -3.821746064652175789e+01
5.506996737593824065e+01 3.699339511388939883e+01 -4.751530806767637216e+01
2.450143425453202539e+01 -5.723535206344036652e+01 -3.796341090619765879e+01
4.997180174616337212e+01 4.622677079455091587e+01 -4.493816331433060185e+01
7.390241190877317479e+01 4.195330364227680064e+01 -7.738443423724174863e+01
6.229936218756214572e+01 4.276322922197812915e+01 -5.425334314026342497e+01
3.267200395818479564e+01 7.093259426851412641e+00 -3.060860321469035128e+01
7.676295681858270825e+00 -2.214552991444130825e+01 -1.748811091863277056e+01
6.563586672013693502e+00 -2.919678387058378988e+01 -2.095008435565082294e+01
1.540473815233906407e+01 -2.436079053764883540e+01 -2.143694274360604979e+01
2.032070649280138142e+01 -2.700714889524548212e+01 -2.612808841151811023e+01
1.201528139784099025e+01 -2.960481721760718443e+01 -2.345216117163103675e+01
1.637764903192180554e+01 -3.012800082448968908e+01 -2.776635499436251919e+01
2.897525297872704186e+01 -3.685220736574314770e+01 -3.659207401849571539e+01
5.234286331357889566e+00 2.264510054452832932e-01 -5.974677288647514128e-01
6.159039405741879136e+00 7.298327705534534360e+00 1.706092707316675394e+00
5.851170349335059484e+01 6.219485276311372246e+01 -4.073510579304340951e+01
1.970763226809240010e+01 2.513599477398395265e+01 -2.935413579042119991e+01
1.949110683466506444e+01 2.113258867967833687e+00 -1.681753725328773541e+01
2.010143664288847987e+01 6.065283916750925819e+00 -1.862871830871220880e+01
5.235852330210718009e+01 8.382051807492167939e+00 -3.928710207189041625e+01
5.888713810177470087e+00 1.648391456870745131e+01 -2.061961516368694181e+00
4.379408020906451782e+01 7.044128013890288287e+01 -2.914095254307885341e+01
5.246069421328649440e+01 6.772374406780826916e+01 -3.461108733417703576e+01
6.493379045782143066e+01 8.501087397814430346e+01 -6.015252865734465360e+01
1.489392296225380363e+01 6.429061034188178780e+01 -2.330035530955368017e+01
2.393468934787136249e+01 5.320708383268277686e+01 -3.489868426648607880e+01
3.366537353022382462e+01 -3.033230349729540620e+01 -3.798162944579774347e+01
6.509128635524739082e+01 -2.226346030344177862e+01 -9.826649700690978761e+01
1.479736394013729139e+01 -1.801548143766473986e+00 -1.933295324890804423e+01
9.669823513081734490e+00 -3.923191936709142347e+00 -1.901881126800928712e+01
2.612698525761217638e+01 -3.086349817134163942e+01 -3.704841782124835703e+01
2.310258472149207876e+01 -3.028781789719953821e+01 -3.498576151474681240e+01
5.625710965672978148e+01 7.269257847919708126e+01 -3.744123656046956228e+01
1.958751034305637262e+01 -1.007626143015422526e+00 -2.053938059109684389e+01
3.176259213475966448e+01 7.008736494581894760e+01 -2.510085126457629912e+01
3.299521264828292999e+01 7.604064664610012869e+01 -2.349176112054281873e+01
3.850270484625409040e+01 1.011249420957305318e+02 -3.372629311006815556e+01
6.068514135350232408e+01 7.885606383248038753e+01 -4.687562476677553747e+01
3.517300633532735077e+01 8.847754594085706970e+01 -2.807388953411359012e+01
6.258366286711805770e+01 6.556492961040312650e+01 -4.628720335955258491e+01
6.694626456075192777e+01 6.852632769723767581e+01 -5.893875699100962606e+01
7.249018121167332573e+00 -2.630558480476115690e+01 -1.843690163829680628e+01
1.352819998243646360e+01 -2.763622812879053470e+01 -2.207455991255698180e+01
1.839794662804392900e+01 -2.869110865510527475e+01 -2.635483753656625439e+01
1.317101648971574157e+01 -3.067292937725973445e+00 -2.093069993805461237e+01
2.449859471762007956e+01 -3.068973604044963821e+01 -3.591887264771533950e+01
2.217691781663745587e+01 -3.198111289232677734e+01 -3.180148351461652467e+01
2.245736072259972715e+01 -2.978176845280635376e+01 -3.483947900533067354e+01
1.165075246947410115e+01 5.639365108990749276e-01 -1.026599112005273362e+01
1.504075960469091378e+01 -2.962324958530330221e+01 -2.884514107108556757e+01
1.070471485564085334e+01 -2.988828150533299066e+01 -2.609349689663079630e+01
5.744669116152277155e+00 -3.012996851317846136e+01 -2.383878567558579320e+01
9.070467977689395056e+00 -4.801181312572469295e+01 -2.989138553788151853e+01
8.437538795643481748e+00 -4.208752341489661575e+01 -2.311821617490575065e+01
8.052471615912534020e+00 -3.800853775872329976e+01 -2.210081715179131834e+01
7.473586928205300239e+00 -3.430870683971796353e+01 -2.331058440372788709e+01
6.839837802810965428e+00 -3.173708030902995958e+01 -2.425800229703531841e+01
1.675583939331088246e+01 -3.088010381162387930e+01 -2.916201246219041465e+01
1.768206509456743092e+01 -3.181536943615238400e+01 -2.805169514866478053e+01
1.910484498169155998e+01 -3.371534772175053973e+01 -2.711423523515616552e+01
2.043491374426476881e+01 -3.605744253275651090e+01 -2.843652495706926686e+01
2.636841575269856008e+01 -1.870763474918902602e+01 -2.815113883274804252e+01
7.282869382504702571e+01 1.219248416660457224e+01 -1.067314609017172558e+02
1.944217579465757595e+01 -3.063082511440780209e+01 -3.245321983214738992e+01
2.069810698089889556e+01 -3.112633940144333167e+01 -3.173267961830968176e+01
7.676297271795150756e+00 -7.006121209958274143e+00 -1.877230148688645173e+01
1.748152917504159021e+01 -5.253341147597456740e+00 -2.538553988375275949e+01
8.590467738299725653e+00 -5.523890509619493905e+00 -1.877737954391902164e+01
2.658438627949470856e+01 2.098371210778405427e+01 -3.183203335236371601e+01
3.747889536459659610e+01 1.630168029401001561e+01 -3.410245531299347022e+01
2.106601988992029106e+01 2.950195989766169813e+00 -2.244408890306214133e+01
5.468920584546074082e+01 9.483424865824828487e+01 -4.581262078670008719e+01
5.079314962774930109e+01 8.590630230307644410e+01 -3.675972397291256755e+01
4.632595079037739083e+01 7.632080169908144285e+01 -2.981079841669202324e+01
2.397530847799466613e+01 -4.116018576894862946e+01 -3.358620174423621307e+01
1.701460157058681943e+01 7.408461454800911383e+01 -2.032166738358032276e+01
1.867420286220571768e+01 8.821082711928040965e+01 -2.313028013714297870e+01
2.078753138261836142e+01 1.039113379577371177e+02 -2.670600559429690790e+01
4.678498402859375460e+01 3.888512546776744472e+01 -4.137956356670096625e+01
6.205127243471653742e+01 3.192454571869379976e+01 -5.134292673284008401e+01
1.943903836025123155e+01 4.113025598582387943e+01 -3.756820348024246670e+01
5.527652395039633859e+01 5.142806111138498437e+01 -4.425314238012800416e+01
1.519721580506768532e+01 2.990104664645392418e+01 -2.689089111359106354e+01
1.587702727746195919e+01 4.808746150090210669e+00 -1.025143382047372143e+01
6.870039965418413885e+01 2.753965384143496919e+01 -5.908521212762428121e+01
5.757846024202527246e+01 2.633018359278066356e+01 -4.538293980701024566e+01
4.910415787232811624e+01 2.323572105989052616e+01 -3.914418694604549387e+01
3.650376403934241409e+01 2.429876100314483622e+01 -3.637036136341782111e+01
2.719433290420779414e+01 2.726717249720998026e+01 -3.476039831948391168e+01
2.026663151485803382e+01 3.067160076686242220e+01 -3.290527685915512279e+01
6.433844276461599954e+00 3.956224434366572495e+01 -1.988914189776893338e+01
6.727111257570958003e+01 1.229660954101932369e+01 -5.773335519659107007e+01
6.078609900126439669e+01 5.316880336505399640e+01 -4.754452914708186029e+01
3.070539361147653246e+00 -3.263591818815991807e+00 -3.950860003820676702e+00
1.873633518351790883e+01 1.780556618086282228e+01 -2.664184195676129718e+01
7.533112418426500767e+01 4.317432898271285779e+01 -1.001696187637595727e+02
1.520584653463552272e+01 3.461912667208684269e+01 -3.183248466861049053e+01
2.181853106091750050e+01 2.652693881217059069e+00 -2.893911491410404935e+01
5.188224721180571208e+01 4.598311504677227646e+01 -4.637189708714026892e+01
1.623738858105333094e+01 9.572926663996469188e+00 -1.254500830390271027e+01
7.010411189215649586e+01 -4.676684519238767379e+00 -1.044206897319864851e+02
1.944644167978860594e+01 4.398070008611276904e+01 -3.905540278309045732e+01
1.134221832371115646e+01 1.387336434692969434e+01 -6.078435574618740844e+00
5.115103393370016249e+01 -4.059422980580216489e+01 -6.207979074945961884e+01
5.056436609854275588e+01 -4.696443196176139878e+01 -7.500556644660890981e+01
7.314967069368289287e+01 1.204894255282053805e+01 -8.212005209026665398e+01
5.928362814873462838e+01 -3.096948270139348480e+01 -7.046734987286976093e+01
7.063279832511184964e+01 5.619521256132131981e+01 -7.004407455726675380e+01
2.562013242795259060e+01 -6.302921022877972490e+01 -4.247124903915003102e+01
2.520553050891563895e+00 -4.553460190240762095e+00 -1.278461804209010921e+01
2.458248686944361339e+01 1.254446706835271641e+01 -2.920227363815858723e+01
6.785625714005222164e+01 4.171931791830791525e+01 -6.100145712531848829e+01
4.112510565672758389e+01 4.163492367248606030e+01 -3.870237237499390659e+01
3.538920516414198403e+01 4.083697020158687963e+01 -3.709481241714176036e+01
2.383306499793838285e+01 -3.336425986944947653e+01 -3.304714097771754666e+01
6.528855257995753902e+01 -1.609422762590407840e+00 -6.036532608484190376e+01
1.395308156085826212e+01 -7.168540482060376462e+01 -4.486560874172319302e+01
3.265807423068513060e+01 -6.209317116006578630e+01 -5.774722094473137446e+01
4.084512650188282379e+01 -5.598374468404568205e+01 -6.523692908981730909e+01
2.972841282927571172e+01 4.115256758493105593e+01 -3.682410993150453038e+01
2.450814409254282822e+01 4.236326304974416956e+01 -3.770275433127763165e+01
2.116418622099661562e+01 4.318373687319685672e+01 -3.907610376029486332e+01
6.553005462444237139e+01 5.495258833972327750e+01 -5.428133593367130061e+01
2.496594798594017561e+01 4.870323755921430831e+01 -3.624478203508380858e+01
3.061479608610641279e+01 5.057532297688334921e+01 -3.518537362560418558e+01
3.645565383035100382e+01 5.101237875766173602e+01 -3.560826858860778543e+01
4.236311870837920424e+01 5.007395320488348744e+01 -3.729426953365789643e+01
4.608262668375013504e+01 4.844990829919932906e+01 -3.948130870962490491e+01
7.435522919556103716e+01 5.937218574935064197e+01 -8.851340103286521810e+01
4.499438211340484628e+01 4.292455642568832985e+01 -4.086712346428607390e+01
2.060483194285120945e+01 -1.493770330868757945e+01 -2.494625172693427828e+01
1.494053897554136867e+01 -6.854441309406946736e-01 -1.688058279841404641e+01
8.601876074623982404e+00 -1.273974481271589632e+01 -1.907938615344202660e+01
4.256601987657629849e+01 -4.952219338095309809e+01 -5.589963457474362230e+01
3.433683314478378890e+01 -5.621157527730857595e+01 -4.953783322414021484e+01
1.451927282011964415e+01 -6.831815408608203199e+01 -3.618986549649777373e+01
5.830214155889708394e+01 -3.652972858254366884e+01 -8.742976876598820013e+01
2.112843022353774103e+01 4.591395224013957233e+01 -3.795824757711890385e+01
1.070919196644009297e+01 2.769661761824943724e+01 -1.783804753139896704e+01
2.403511361771047206e+01 -6.759295439975876718e+01 -4.996298250527318174e+01
7.038875945077673180e+01 -3.340686241214881225e+00 -8.160433089553416153e+01
1.228479463274321759e+01 -3.123296451400986129e+01 -2.640718969058257315e+01
1.330375805701463854e+01 -3.302732983108607101e+01 -2.526926478299751722e+01
1.431880584678940416e+01 -3.590374338612199523e+01 -2.422517345703984759e+01
1.520756704089725631e+01 -3.952338031786937478e+01 -2.532481538073904304e+01
1.736700470130086771e+01 -4.512296554162922746e+01 -3.086798362705262022e+01
2.030487806362073400e+01 -3.027949949642582084e+01 -3.166648142515517961e+01
2.224464520516363564e+01 -2.986509050637943119e+01 -3.159533744894797991e+01
2.413962988674369470e+01 -2.887797452485319383e+01 -3.153757566288962977e+01
3.110769007397577823e+01 -2.408153741526326996e+01 -3.279847378802350732e+01
5.658351207704991026e+01 -6.204682659177983339e+00 -4.676107030113080754e+01
1.077213627804210816e+01 3.520128419716828461e+01 -2.385054965940258498e+01
1.444548847029406957e+01 4.965506075001324149e+01 -3.414884434081211850e+01
1.828838525377533131e+01 4.806018358528532275e+01 -3.673601415231281209e+01
1.887693533841712679e+01 -2.931156700827934358e+01 -3.232847456330821245e+01
5.662866550064523352e+01 -2.226507606411513862e+01 -5.721159342776002887e+01
8.701856761266350659e+00 5.044727337987607996e+01 -2.600586494893589773e+01
2.125016500291267008e+01 -5.117612231980259452e+01 -3.488725894752998613e+01
6.131756521612501842e+00 3.145046748430383943e+01 -1.335091381893782980e+01
1.480600467295645650e+01 1.613425267034390131e+01 -1.813460167439533421e+01
1.143381969550178745e+01 -5.501214858311735156e+01 -3.137387751746346964e+01
3.545112139084308467e+01 -3.894406817820892286e+01 -4.079212454577270108e+01
2.746556387024005730e+01 -2.768383987734586604e+00 -3.067765282707207319e+01
2.903432762716040827e+01 -4.597803642281859027e+01 -3.803391384702565148e+01
4.284043597185550567e+01 -9.680982975391714263e-01 -3.347200657370584054e+01
3.360267544547825480e+01 -9.468339939529533567e+00 -3.188443277988965718e+01
4.779986675568394361e+01 -1.197753811744281904e+01 -3.879786992141549007e+01
1.370721822186054872e+01 -6.259153152275336396e+01 -3.233236787877605423e+01
1.836654918789401947e+01 1.198464540252532018e+01 -2.297148769700146786e+01
4.083273393729295719e+01 -4.307694563574126079e+01 -4.760538003687504016e+01
3.277854666720625687e+01 -5.046514616722254942e+01 -4.365147733264755203e+01
4.052350392931525391e+01 -3.052126789245830807e+01 -4.128920236421055989e+01
6.294731292509045062e+01 -1.331752669885131546e+01 -6.304266360156571380e+01
4.844132098552076116e+01 -3.050891594614564539e+01 -4.808675043357714429e+01
6.646911413045241090e+01 -1.761813939842997101e+01 -7.919794032664140104e+01
3.836059765041991909e+01 -1.848357190470117573e+01 -3.518016879491132443e+01
1.464526275819085654e+01 2.285118413675090920e+01 -2.259978989707481745e+01
1.369107086708790710e+01 1.642411590975279889e+00 -8.866837615102909353e+00
1.750349393699582023e+01 -2.098146909292093742e-01 -1.607033884322313355e+01
1.142920354722767229e+01 6.442318639208624020e+00 -4.179758208438998146e+00
1.993731655819450310e+01 5.664382561738257493e+01 -3.179981204893982039e+01
3.057128311038262680e+01 6.081855913163829541e+01 -3.086715965275966056e+01
3.970118060059661502e+01 6.152036168870459676e+01 -3.162261036283094384e+01
4.729927576687296664e+01 6.029953376268508691e+01 -3.452662097440845912e+01
5.250406512190864561e+01 5.718308024086454822e+01 -3.877663083364231511e+01
5.638036795160350323e+01 4.442555692964356240e+01 -4.919941969855938879e+01
7.452735023191839048e+01 2.709381580494797959e+01 -8.009496650508452831e+01
5.151907358971791950e+01 3.366372975254392230e+01 -4.401908288824093773e+01
4.484898223986878918e+01 3.125368414052262267e+01 -4.012288568470199834e+01
3.608269514979209447e+01 3.111562826782359892e+01 -3.735368552129371267e+01
2.770401962982505850e+01 3.274052556494551425e+01 -3.580141650930156061e+01
2.128388030608533654e+01 3.518042071875693466e+01 -3.577450202868897122e+01
1.688375871531451722e+01 3.765769585628857641e+01 -3.513225784538317953e+01
7.418503815084348219e+01 2.786394274127316351e+01 -1.057081327827323776e+02
1.722647453221440372e+01 -2.088678411978413862e+00 -1.944389087019885665e+01
1.061991878347788720e+01 2.101000982182447174e+01 -1.285185377572004484e+01
9.560774258185524843e+00 1.298967800509195358e+00 -3.742142285653064615e+00
5.948067224238256401e+00 -1.973994388800577093e+00 -6.545142803161365208e+00
9.350377337148762180e+00 2.853796209763855285e-01 -6.998708101005360227e+00
1.545214469719394756e+01 -4.196114081162590104e+00 -2.171321402143830781e+01
4.963206328621169838e+00 -2.733524348750651978e+00 -4.843710605351581044e+00
4.366756869897956861e+00 -4.066395286822905852e+00 -1.270464131248124318e+01
1.715197892889421993e+01 4.348347060350367599e+01 -3.807323180211845681e+01
1.336311138446788505e+01 4.175357345186244373e+01 -3.419855064330303662e+01
1.131864846537213687e+01 4.050491354722468884e+01 -2.994432442041620135e+01
4.826911520122319388e+01 4.722152516285904511e+01 -4.189931187605911589e+01
5.145223119027969005e+01 5.030316859328604551e+01 -4.222131846006958966e+01
