-4.841451217245062999e-02 -2.346665773196605542e+01 -1.556201120494504586e+01
0.000000000000000000e+00 0.000000000000000000e+00 0.000000000000000000e+00
1.568006037019593901e-01 -7.473094700527928680e+00 -1.675600634453726201e+01
-5.329656336504795533e+00 2.370475003675555570e+01 -9.441185907227165330e+00
2.318190651977461436e-02 7.429306877146087729e+00 2.153363762350840371e+00
1.023599184465204814e-01 1.705028714869205686e+01 -7.281638471072708896e-01
5.513776073662647326e-01 3.987123897936236006e+01 -1.946289515151206828e+01
-4.705427114543599032e+01 4.116148176046596774e+01 -4.531273533409502363e+01
6.433770577184434458e-01 5.869776876326436366e+01 -2.441764796954502970e+01
7.349002258674854904e-01 6.855139802897424772e+01 -2.322304919500539455e+01
9.962371463117203341e-01 9.924464781272942560e+01 -3.119541566725310489e+01
-6.437783116662509908e-02 -2.691791426507857565e+01 -1.631053527609669729e+01
-5.647056850646470227e-02 -2.947496149287358946e+01 -1.861493267549836261e+01
2.563618922619748108e-02 -3.054238107574046879e+01 -2.161882799644177311e+01
1.705516024327757840e-02 -3.242212339834129864e+01 -2.187401790055620410e+01
9.962896407327281878e-03 -3.528506317985445406e+01 -2.077502599856810761e+01
-2.290065903827809279e-02 -3.893175650239764707e+01 -1.940833566997694248e+01
-2.787847387491759754e-02 -4.280312444412828654e+01 -2.043857551095745961e+01
8.838260384836038597e-02 -4.950946557729587738e+01 -2.705432798980424991e+01
-1.207986231275276490e-02 -3.803253848233266954e+00 -3.403859377716000889e+00
-5.533772051447047424e+00 -3.281764183042465532e+00 -1.246987728115844618e+01
-7.141411467248451572e+01 6.598408804009348216e+01 -7.855930662627588390e+01
-2.792671494929772180e+01 3.457271633573952130e+01 -3.803914688183235171e+01
-3.466831718909516269e+01 3.400738234475664967e+01 -3.861416409738836819e+01
-4.100837019505499370e+01 3.446837014363877216e+01 -4.058684604281624786e+01
-4.924817865524140359e+01 3.840762731079956893e+01 -4.639129360770407828e+01
-2.227953983659568493e+01 3.648639168473302874e+01 -3.902500153878563083e+01
-3.651578608920151936e+01 5.305321806930106732e+01 -3.602491554618456604e+01
-2.951211601361739767e+01 5.253646591610838357e+01 -3.597087770606957235e+01
-4.303551820501512992e+01 5.191357969379099302e+01 -3.832432662549143032e+01
-4.747219710740788656e+01 4.935231515461483554e+01 -4.107674550764295418e+01
-5.474603870237349668e+01 3.353680560820852463e+01 -4.978437739631437609e+01
-2.404919039214469478e+01 -6.036440991270525558e+01 -3.441998552407839895e+01
-4.928257136795782145e+01 4.294480373862579370e+01 -4.762295240538393415e+01
-7.439115834655936510e+01 3.615542137049705218e+01 -8.021332357700875093e+01
-6.224579105319484995e+01 3.852345566368721563e+01 -5.687434468231186457e+01
-3.223819299036470909e+01 5.610065058509386304e+00 -3.108198596390062463e+01
-7.579549570958802995e+00 -2.237192836947004793e+01 -1.650760634787223680e+01
-6.296615921831801188e+00 -2.931927658403194670e+01 -1.957560802937128486e+01
-1.511166181756989069e+01 -2.460749072599922016e+01 -2.026643412808390821e+01
-1.984802441439218867e+01 -2.751259807015708958e+01 -2.475394633092926711e+01
-1.160418746295171033e+01 -2.976515937349098095e+01 -2.198896268752184469e+01
-1.582011535991874140e+01 -3.052190368272349730e+01 -2.613726952720511676e+01
-2.796339779099846012e+01 -3.798664968770339811e+01 -3.428595832413738975e+01
-5.395466938563581394e+00 1.743206108517973696e-01 -5.799200260950806429e-01
-6.248108817913356816e+00 7.268798363631646886e+00 1.315673017690812907e+00
-5.846356093661992048e+01 5.773651141727417979e+01 -4.408157946780174541e+01
-1.915041930149186911e+01 2.342632929566131139e+01 -3.070548652088969277e+01
-1.952081582476952093e+01 1.729598197106349211e+00 -1.701716789979172617e+01
-1.999284298144053196e+01 5.526694944707742252e+00 -1.903897290947753262e+01
-5.213577196951019488e+01 6.081615466189288277e+00 -3.981792793590337709e+01
-5.821161254604959367e+00 1.621710740105575255e+01 -2.855207555466722003e+00
-4.347067946616811440e+01 6.648174252904203740e+01 -3.257740377381873742e+01
-5.230221528392407038e+01 6.351796377491668721e+01 -3.797046649238316007e+01
-6.505519634763898296e+01 7.887313142144462574e+01 -6.536286572219586333e+01
-1.408034016047993475e+01 6.070991669723672146e+01 -2.644532414008627796e+01
-2.327848428010160831e+01 5.015151057502311005e+01 -3.784903235459821502e+01
-3.279798861608374239e+01 -3.166783327570468742e+01 -3.604739047076577663e+01
-6.677008483315424314e+01 -2.886274792221408347e+01 -9.658494427234751356e+01
-1.472158984293180417e+01 -2.132277804593099457e+00 -1.946257010564134049e+01
-9.526926463119831823e+00 -4.263926446966582517e+00 -1.884768188142770384e+01
-2.495485642546740479e+01 -3.179603650156565209e+01 -3.501522428510510565e+01
-2.202540314791032827e+01 -3.120914417739408364e+01 -3.305445926171484672e+01
-5.630156736714666010e+01 6.812673613166441555e+01 -4.125938423321358073e+01
-1.950166621623777630e+01 -1.475375560941853736e+00 -2.063783273193852352e+01
-3.109325940426453982e+01 6.622563868866625114e+01 -2.853144905305120815e+01
-3.241594186874424111e+01 7.203889322308467058e+01 -2.721904601770878784e+01
-3.801863917109013613e+01 9.572809627793293430e+01 -3.954149127687394127e+01
-6.077043236724308883e+01 7.356237143025795433e+01 -5.139887822673895101e+01
-3.460513625625638667e+01 8.401268133864812171e+01 -3.285055347202332143e+01
-6.263052650365408880e+01 6.067321393381833161e+01 -4.999591075647326477e+01
-6.712818838830253299e+01 6.284214869024027905e+01 -6.317749769382290737e+01
-7.071397855128784826e+00 -2.645195127579773242e+01 -1.721208002837066076e+01
-1.314227576902849925e+01 -2.779778602996467640e+01 -2.074857874902903632e+01
-1.778048419973487171e+01 -2.917964212745969732e+01 -2.480161510353943299e+01
-1.302305458585839304e+01 -3.411972967048795269e+00 -2.095668244209570830e+01
-2.340024898198871384e+01 -3.162469297971664162e+01 -3.404560535425548551e+01
-2.111212366444177491e+01 -3.272292547161439558e+01 -2.977317745675712146e+01
-2.143541079349024869e+01 -3.076326293037859116e+01 -3.289294111686399447e+01
-1.171762497471732267e+01 3.468566213656285036e-01 -1.038921854133436717e+01
-1.448376406242841519e+01 -3.012762561548384355e+01 -2.722854088893912916e+01
-1.028441484649331450e+01 -3.009518602914937446e+01 -2.454970109264876754e+01
-5.404478415660626034e+00 -3.029445123649702865e+01 -2.234170880361948264e+01
-8.196251269128538297e+00 -4.919944758628729886e+01 -2.720801952675254398e+01
-7.652585553412138530e+00 -4.212230173455436955e+01 -2.079285417713134620e+01
-7.250060682327992723e+00 -3.806797537009003207e+01 -2.000454886032425961e+01
-6.715601618919178506e+00 -3.455806892927113694e+01 -2.149785627564558865e+01
-6.094016551633072432e+00 -3.218121844046067537e+01 -2.264053544098760540e+01
-1.578702301176909550e+01 -3.161609259102795377e+01 -2.742587422552981025e+01
-1.673210873315701974e+01 -3.246654881417234861e+01 -2.623411618518597876e+01
-1.810355670750695367e+01 -3.422501541205702580e+01 -2.512430937276538856e+01
-1.942257621195007289e+01 -3.654758818205576176e+01 -2.624298971755350607e+01
-2.593519149841653970e+01 -1.970952428568196879e+01 -2.721088081300672812e+01
-7.408733957583953611e+01 5.233318133297061969e+00 -1.075527814657879588e+02
3.859355192257796219e-02 -5.249993611794285364e+00 -1.215648230665539664e+01
-1.848853027995313880e+01 -3.149880572542232926e+01 -3.053347534122200813e+01
-1.966955697503276213e+01 -3.185298272610981130e+01 -2.975442178817736050e+01
-7.461055447982116284e+00 -7.443592727569988909e+00 -1.846898342221711076e+01
-1.721547659035606870e+01 -5.852316934781850222e+00 -2.540567721482386077e+01
-8.427386106333859317e+00 -5.926033702908259038e+00 -1.858167353822041434e+01
-2.605587308695897519e+01 1.913391624908386035e+01 -3.290281677633869606e+01
-3.691095577715071130e+01 1.435879313182367945e+01 -3.491385479201395725e+01
-2.091030576918688055e+01 2.305910224874899495e+00 -2.276691472587721776e+01
-5.460512453285665657e+01 8.910526540035476728e+01 -5.147994196077916484e+01
-5.065406940151751058e+01 8.105362645617040585e+01 -4.146769916568843684e+01
-4.612080178148145393e+01 7.209491542879545989e+01 -3.374529216187191594e+01
-2.302288853710563998e+01 -4.236704622225775552e+01 -3.107099440304333271e+01
-1.623979760397621419e+01 7.021300848614420431e+01 -2.391897576058276442e+01
-1.793414828322141474e+01 8.395467022541784274e+01 -2.784350495387200652e+01
-2.002304356855387368e+01 9.860076964976127556e+01 -3.259279507650799701e+01
-4.632369787519514404e+01 3.580250021684051376e+01 -4.366601994985401802e+01
-6.193510561994828834e+01 2.823838341731153534e+01 -5.335897393009417300e+01
-1.864243650596683111e+01 3.848417189698054841e+01 -3.993391820837905470e+01
-5.496626155515489387e+01 4.748421936027151702e+01 -4.711806420148939623e+01
-1.457694963819346867e+01 2.827487811310886201e+01 -2.847005250638931528e+01
-1.592332569370317508e+01 4.554693726685791866e+00 -1.054237218558965949e+01
-6.893455510670975173e+01 2.325915933242641032e+01 -6.082816614899182639e+01
-5.734711033068123953e+01 2.323620747057338320e+01 -4.702220449546796743e+01
-4.870317238151273642e+01 2.068357061390624452e+01 -4.058510986105952867e+01
-3.591544691459597516e+01 2.198783937818303258e+01 -3.775922172083310357e+01
-2.653075501453475482e+01 2.504934872922990508e+01 -3.627895199199623022e+01
-1.954514000404720875e+01 2.855558240547799187e+01 -3.457637354096352311e+01
-5.811297529162193776e+00 3.800644288471875143e+01 -2.197042626099310070e+01
-6.761019310649356839e+01 8.458204844872685868e+00 -5.854936441044627315e+01
-6.069384850003541487e+01 4.878496111327328322e+01 -5.053271535604186226e+01
-3.162252519656170602e+00 -3.411953321444709974e+00 -3.787339812294606478e+00
-1.831740650456732666e+01 1.652520863713288080e+01 -2.767822740594145259e+01
-7.604072100920470234e+01 3.610369319174466796e+01 -1.031800105043128326e+02
-1.443050954918853890e+01 3.262484127476726314e+01 -3.376317233088713721e+01
-2.153539248072499745e+01 1.752092659192766355e+00 -2.932159733717364958e+01
-5.124999695565850288e+01 4.244098819480042550e+01 -4.903173548268551940e+01
-1.615719497934085069e+01 9.111919340991807559e+00 -1.312434185986023927e+01
-7.180221214023576692e+01 -1.154580266655170462e+01 -1.039799801787547722e+02
-1.859026243570640702e+01 4.128419790460157657e+01 -4.166019625478877941e+01
-1.122264969008688951e+01 1.348658037015872857e+01 -6.759947105256866706e+00
-5.229442604393069871e+01 -4.493764054387771267e+01 -5.948983876040206553e+01
-5.211298512885764467e+01 -5.267546330457001602e+01 -7.189409666520298003e+01
-7.398898212577708478e+01 6.568828629539876118e+00 -8.295348898920903480e+01
-6.048891063924834555e+01 -3.566746625145523808e+01 -6.836652559811784613e+01
-7.090036849207075420e+01 5.041421496186281814e+01 -7.363329218512467378e+01
-2.569870493980355519e+01 -6.740372434447650107e+01 -3.840591613114544600e+01
-2.402090847958486375e+00 -4.943622879167054229e+00 -1.259602551746142751e+01
-2.414856167760041572e+01 1.116340551263315994e+01 -2.992232155613768541e+01
-6.799779165709637141e+01 3.694764354090867897e+01 -6.364949236141029587e+01
-4.062119075492790898e+01 3.872003285826821184e+01 -4.112192380975626804e+01
-3.486576619484483075e+01 3.796656286915779077e+01 -3.943133060059813033e+01
-2.270678920457732630e+01 -3.411559940928008672e+01 -3.087845493288236653e+01
-6.589691261844586734e+01 -5.425792735224318264e+00 -6.018021233506880918e+01
-1.391522845435658695e+01 -7.712923587081394317e+01 -4.030095910021866246e+01
-3.363076852839069630e+01 -6.765736045219034622e+01 -5.373242875205078661e+01
-4.213391023960154058e+01 -6.152654717625729575e+01 -6.156134236377354085e+01
8.738001620704931582e-01 8.351263102162756979e+01 -2.647126508301812109e+01
1.064388995881060396e-01 -7.860052052050200189e+01 -3.829771096650141260e+01
-2.913581657566073346e+01 3.832549735045235906e+01 -3.920735408209407069e+01
-2.378772576702620256e+01 3.954654678782354438e+01 -4.014349982402213612e+01
-2.031816445749694822e+01 4.040212503935225641e+01 -4.162700911326062680e+01
-6.560951775354411097e+01 4.999325724748676691e+01 -5.758530483256070909e+01
-2.434281528032854780e+01 4.616581118747805590e+01 -3.907444950535191452e+01
-3.010775553920614556e+01 4.802307987320412508e+01 -3.806127901414846804e+01
-3.597978315060025523e+01 4.844303620101219821e+01 -3.837137613393029767e+01
-4.183096729823787996e+01 4.735448976867462534e+01 -4.014968509688875997e+01
-4.547151503233406089e+01 4.550829127941850771e+01 -4.225242008371585456e+01
-7.488835004711894783e+01 5.254689076650936386e+01 -9.255547979792568469e+01
-4.445255662072850811e+01 3.992522126361443213e+01 -4.335866466727962631e+01
1.100932918074376543e-01 -1.238860010026349912e+01 -1.805107170659432470e+01
-2.028619086882876843e+01 -1.565905311472204886e+01 -2.424406145371479937e+01
-1.495594333778153562e+01 -9.833761432566134886e-01 -1.704480873468415680e+01
-8.390020571582823550e+00 -1.311342237012365430e+01 -1.853556818677344253e+01
6.326899490606010534e-01 4.918372988916521393e+01 -2.443027495727398346e+01
-4.348827523543096163e+01 -5.376634683864675424e+01 -5.269575086996132995e+01
-3.491665607297889551e+01 -6.058981095281052376e+01 -4.589382690031323619e+01
-1.416466417702334546e+01 -7.232671119615123700e+01 -3.192357265978449377e+01
-5.991419961118950255e+01 -4.264964538902170688e+01 -8.494578480665194320e+01
-2.032619936515307657e+01 4.330220980141091047e+01 -4.067356893976877785e+01
-1.023738654812852644e+01 2.663115637284887072e+01 -1.934052339516593477e+01
1.319189065138060002e-01 -7.364165950617842782e+01 -3.022075580201155276e+01
-2.452074878619209031e+01 -7.314955138515428246e+01 -4.568887259925865152e+01
-7.155321713665539107e+01 -8.719164615030235765e+00 -8.141404722603647315e+01
-1.141315238348473393e+01 -3.178228743130365430e+01 -2.482765205572568235e+01
-1.239948244119312371e+01 -3.344878180896330377e+01 -2.346371599992609447e+01
-1.338194442149945473e+01 -3.614702869401815377e+01 -2.219889877315397086e+01
-1.426363867307122035e+01 -3.977642712061250307e+01 -2.310295765514424104e+01
-1.647579713182826211e+01 -4.627810220717194056e+01 -2.826692009473136835e+01
-1.947105474131475233e+01 -3.098707768368545956e+01 -2.988411829615128923e+01
-2.141293808297852053e+01 -3.056219690077723072e+01 -2.986456011905767838e+01
-2.334893251377015133e+01 -2.962270783107778627e+01 -2.985397533566954564e+01
-3.053361563543207424e+01 -2.524178294348864782e+01 -3.141522290329972833e+01
-5.687033615859114377e+01 -8.981825384309491511e+00 -4.637571344895268766e+01
-1.011719998307493995e+01 3.362262721929202769e+01 -2.568388148217795575e+01
-1.351596988561252921e+01 4.689077709418815942e+01 -3.698746016930152081e+01
-1.745338185649235996e+01 4.526783341559003304e+01 -3.954372394974541294e+01
-1.812437401774163703e+01 -3.006443628542233526e+01 -3.050321830551995461e+01
-5.735007869200077124e+01 -2.571667632317873142e+01 -5.578538027437225111e+01
-7.930865081329078414e+00 4.784187465264880501e+01 -2.874993973467616115e+01
-2.045228377990155622e+01 -5.323616531134403118e+01 -3.183022734581529889e+01
3.063569271720145704e-01 2.485756472645572401e+01 -7.201331556844595028e+00
-5.716703724041007462e+00 3.046695985499752268e+01 -1.506502372987040062e+01
4.193920967792255095e-01 3.208228662154689914e+01 -1.349192636515623711e+01
-1.449813626152697132e+01 1.529367156857053800e+01 -1.910809708353612990e+01
1.799161723465756424e-01 -6.632383351781041370e+01 -2.663639511177081332e+01
1.873967309588446817e-01 -5.736504081848394776e+01 -2.694371738371589231e+01
-1.047004545679646270e+01 -5.687551668848638542e+01 -2.819577207329054502e+01
-3.510689436622792670e+01 -4.090527377650663254e+01 -3.839696860463253358e+01
-2.710735497814792083e+01 -3.900438513501615745e+00 -3.079063549260142096e+01
-2.843920038882789925e+01 -4.800040683590010104e+01 -3.520448344880575320e+01
-4.253583158220155980e+01 -2.644198126955431327e+00 -3.352844788699695044e+01
-3.325183828179893197e+01 -1.074143526571448426e+01 -3.147601952041804552e+01
-4.782747499620039378e+01 -1.400161747157192060e+01 -3.826250312276020082e+01
-1.295141929480704235e+01 -6.534353910980209434e+01 -2.851573286707318999e+01
-1.809275144469262031e+01 1.106868543666807980e+01 -2.369393119350725740e+01
-4.114440371567142307e+01 -4.610277021948471088e+01 -4.488323249147677529e+01
-3.263428897992553601e+01 -5.361508137848975508e+01 -4.042061761278370824e+01
-4.026595996994419835e+01 -3.246940312153542862e+01 -3.942236108523323423e+01
-6.385537840664077436e+01 -1.726890266080889091e+01 -6.217741780240388039e+01
-4.888792518039441859e+01 -3.333107403829723836e+01 -4.622830294457646261e+01
-6.765889185589630017e+01 -2.282874017374404474e+01 -7.794049780823185358e+01
-3.809849758400964248e+01 -1.999843852017281520e+01 -3.420256591527740397e+01
-1.416668714858016642e+01 2.168894017945841313e+01 -2.379362846488941230e+01
-1.378637666630525338e+01 1.475734657050057130e+00 -9.061195160646542845e+00
-1.755494903091147307e+01 -5.494380676943670938e-01 -1.625687881976301696e+01
-1.148646691578097645e+01 6.295756008117690428e+00 -4.455262594236271134e+00
-1.908803872225964327e+01 5.341453863142923808e+01 -3.493900126243963911e+01
-2.989313841097911961e+01 5.732521640193478163e+01 -3.406564813860995855e+01
-3.911188692850623028e+01 5.790046032189244585e+01 -3.473149503339077171e+01
-4.672464838747495008e+01 5.657910140957074674e+01 -3.748815469740233652e+01
-5.204010865243100881e+01 5.324700544345395770e+01 -4.172540499094326805e+01
-5.606881774030341603e+01 4.053972325778581620e+01 -5.183404652750221686e+01
-7.515737297434452557e+01 2.148490676995501047e+01 -8.191910186706563479e+01
-5.108284553309771070e+01 3.052908268318402207e+01 -4.609928356407119310e+01
-4.435065352832621954e+01 2.847188779260824276e+01 -4.199235692196972991e+01
-3.554253183926154946e+01 2.852203145506227600e+01 -3.916419047603814363e+01
-2.707277844847191872e+01 3.019098330183393486e+01 -3.774052009609167868e+01
-2.051455228124979868e+01 3.273845577641882443e+01 -3.780383228238950011e+01
-1.604320043290080378e+01 3.528015145704583944e+01 -3.729715722490151819e+01
-7.512767509941924970e+01 2.074680946779672297e+01 -1.077004460548943143e+02
-1.723447187202478048e+01 -2.441743902271891198e+00 -1.954348062152645582e+01
-1.029856534304664883e+01 2.026344851787122536e+01 -1.399092326721277502e+01
-9.666711475851135660e+00 1.228191816704469641e+00 -3.883342406058624796e+00
-6.049917960633480085e+00 -2.206471426539014402e+00 -6.476795683000159620e+00
-9.425630088765849735e+00 1.018371431360131085e-01 -7.095843317091497404e+00
-1.528280277438911483e+01 -4.599311855353390044e+00 -2.174123207281244419e+01
-5.024731403182037148e+00 -2.890994639752356488e+00 -4.714238461598321273e+00
-4.311184259396434015e+00 -4.395316588758713117e+00 -1.256814701050049266e+01
-1.622747446313976027e+01 4.085249328751105935e+01 -4.071484915468149524e+01
-1.247132877650333782e+01 3.938124123884175987e+01 -3.661219514830902710e+01
-1.050929595355239243e+01 3.842039055802089820e+01 -3.214809639110286810e+01
-4.757457784050691885e+01 4.413358750626862559e+01 -4.459633818238224734e+01
-5.084525026735260411e+01 4.663297522357867564e+01 -4.502314593785650487e+01
5.955065601833076983e+00 2.366499918706935546e+01 -9.434256125780507318e+00
4.854413227428585742e+01 4.113525044974036859e+01 -4.532633700117170861e+01
5.763105437118282381e+00 -3.442939591363233021e+00 -1.250635178642622947e+01
7.302886585142944398e+01 6.655257631379397765e+01 -7.864180203799826074e+01
2.956127883088302966e+01 3.445923527216532278e+01 -3.808359647074760090e+01
3.630937243301777784e+01 3.397907295519629400e+01 -3.864768291432989145e+01
4.262186601374786932e+01 3.446020668640357343e+01 -4.062290790942157770e+01
5.080860257670845925e+01 3.843609469131301637e+01 -4.642962879708957047e+01
2.382526508564365031e+01 3.637262757476054276e+01 -3.899714263767079814e+01
3.820926971925027971e+01 5.297906359331478399e+01 -3.603848474044895767e+01
3.107823649477083094e+01 5.251383099932247944e+01 -3.601077833576283638e+01
4.472918428481681730e+01 5.185522185315746668e+01 -3.838555023446887304e+01
4.916775378112171779e+01 4.932267388680211440e+01 -4.108278043293564252e+01
5.629675012863000916e+01 3.362852679328607053e+01 -4.985188839778554382e+01
2.505044623292615569e+01 -6.058605737643136990e+01 -3.453527774647309201e+01
5.076307333464698246e+01 4.294480373862578659e+01 -4.762295240538393415e+01
7.608518424726629803e+01 3.679167071855061266e+01 -8.023150323697697672e+01
6.381811264488769098e+01 3.879338631654956515e+01 -5.693294032014974704e+01
3.341126540564867042e+01 5.448852484751557590e+00 -3.119251973685081936e+01
7.664311759793117851e+00 -2.261292781869164159e+01 -1.651894800488978632e+01
6.379141392223363738e+00 -2.952604740299427633e+01 -1.957688213434907354e+01
1.552937311473062110e+01 -2.516789818093891284e+01 -2.025525940354995669e+01
2.047549038595075643e+01 -2.819139016320433200e+01 -2.460474850540768799e+01
1.194174185431588597e+01 -3.025531874853863457e+01 -2.188956845090887882e+01
1.630078103880967788e+01 -3.114240820368850393e+01 -2.604483996961157288e+01
2.919383469961478283e+01 -3.861459725403387466e+01 -3.417488103347918127e+01
5.430625741677816976e+00 1.639257192782598849e-01 -6.566512085235152174e-01
6.373841876617641233e+00 7.264864725363798570e+00 1.354457014386886593e+00
5.981189341840367746e+01 5.786468690092507217e+01 -4.413791889695111337e+01
2.036009241134884817e+01 2.330215219217802414e+01 -3.081875322264532358e+01
2.025074761657726086e+01 1.386427411243846830e+00 -1.708865833924487987e+01
2.083244434236685905e+01 5.198626286598377888e+00 -1.910207148150646006e+01
5.365785869807240260e+01 6.042842182745873814e+00 -3.987020407323692694e+01
6.167919262264738300e+00 1.617371192057832019e+01 -2.847666550076191072e+00
4.475365658626607512e+01 6.644382227777875016e+01 -3.272915169592928919e+01
5.362562001779726018e+01 6.354728229308155107e+01 -3.807195260036442619e+01
6.670786380839219021e+01 7.933722216374050618e+01 -6.541780960114309096e+01
1.541766329029286275e+01 6.073303903585329522e+01 -2.654625344726724379e+01
2.482685892669682914e+01 5.008372227712623470e+01 -3.791033668252339339e+01
3.412072332239757344e+01 -3.231972174945238407e+01 -3.590763999603536405e+01
6.850990402499655829e+01 -2.875414621314191166e+01 -9.667964404800763134e+01
1.533009673345358159e+01 -2.499545784686327821e+00 -1.951235345044293368e+01
9.963962717013052028e+00 -4.549318635421702339e+00 -1.898332440652478681e+01
2.605076363782566062e+01 -3.265676353163442514e+01 -3.484708232617186496e+01
2.304682522825894608e+01 -3.199851403326794852e+01 -3.283408541614011256e+01
5.753729772895881922e+01 6.814661443050735556e+01 -4.135577097123838541e+01
2.035301125268399858e+01 -1.874191205313831432e+00 -2.072819116855324140e+01
3.243817218252659274e+01 6.624136817590724036e+01 -2.868523679363644163e+01
3.381072255987775321e+01 7.205059055617661556e+01 -2.744241510729501954e+01
3.981394042607229267e+01 9.590711974185673228e+01 -3.961465532081874841e+01
6.223549311272920193e+01 7.389266227025836997e+01 -5.148767710974013312e+01
3.627769937693054914e+01 8.414689650437615853e+01 -3.294302143590088860e+01
6.400581245145973242e+01 6.084868130066066527e+01 -5.006030898349096958e+01
6.861902212177508886e+01 6.326862530035549526e+01 -6.325747283522546383e+01
7.148722489202533836e+00 -2.671149398436851641e+01 -1.725389612443843745e+01
1.350356865423473707e+01 -2.834343676378248844e+01 -2.064816050678261306e+01
1.839980614497467215e+01 -2.977185970128569181e+01 -2.468066639664922945e+01
1.360133343184033983e+01 -3.757621250118477363e+00 -2.101583620843578615e+01
2.441629862374360016e+01 -3.242597928444426714e+01 -3.377983350102326199e+01
2.200438427677095632e+01 -3.335997618060997638e+01 -2.957950625157391755e+01
2.239448691553979032e+01 -3.152054189965919306e+01 -3.267861203665716374e+01
1.210915214551614127e+01 1.147219091713840289e-01 -1.040267771060087831e+01
1.505835188970737093e+01 -3.068501007073741249e+01 -2.706367200241147941e+01
1.063740083262087666e+01 -3.052618075858861957e+01 -2.445986742463888319e+01
5.576646937938779303e+00 -3.047867437510425859e+01 -2.229603428247389374e+01
8.580386596835555935e+00 -4.934710754139283750e+01 -2.719361979103723570e+01
7.844573474093079923e+00 -4.232926847797769199e+01 -2.076154237374855782e+01
7.424348962374585525e+00 -3.825814479509433852e+01 -1.998919261688771343e+01
6.881761815222906087e+00 -3.475596983399863404e+01 -2.143602543287029150e+01
6.327464586395029400e+00 -3.239384241203455872e+01 -2.261948992576018114e+01
1.644112022941937212e+01 -3.204176057093788188e+01 -2.728349225849866500e+01
1.737985110538459566e+01 -3.287997616862307382e+01 -2.613219316589172436e+01
1.877884994672278651e+01 -3.471163600124413051e+01 -2.499833020156096808e+01
2.014249303107921563e+01 -3.705423705408630752e+01 -2.618057447985550823e+01
2.680315489570212151e+01 -2.014912221914878998e+01 -2.708023387900065870e+01
7.570547473365201085e+01 5.725666219580862304e+00 -1.075556473322737787e+02
1.929533338637209638e+01 -3.204983803160689604e+01 -3.035490470517792261e+01
2.048203428362050715e+01 -3.245385439358634727e+01 -2.955029108786363423e+01
7.862657006926926151e+00 -7.643345164424575344e+00 -1.853191581736714610e+01
1.797557355151238312e+01 -6.230663446609281841e+00 -2.544307497383113059e+01
8.831334189198585705e+00 -6.155428232199104066e+00 -1.860978296262849341e+01
2.736465437685305702e+01 1.903576116556505227e+01 -3.298286955787912689e+01
3.831016863492783386e+01 1.431332742809031622e+01 -3.506071521551652381e+01
2.180643695767906109e+01 1.962355756740652879e+00 -2.279499225633441384e+01
5.633116212972598191e+01 8.944614263212247351e+01 -5.149731216530141609e+01
5.218223612260987920e+01 8.122757063144646850e+01 -4.157067421797148654e+01
4.742072457028218935e+01 7.212363007412584182e+01 -3.388433434775625841e+01
2.407969100425271236e+01 -4.277719311413419945e+01 -3.092012653527138255e+01
1.773481270940366628e+01 7.027238360672720319e+01 -2.403285861118108713e+01
1.964651622680536036e+01 8.401729206272366923e+01 -2.795882854660048267e+01
2.195936287186779623e+01 9.871480362810942211e+01 -3.267364838177470432e+01
4.787406059040473849e+01 3.582572633641236592e+01 -4.363865562117621266e+01
6.357621635253021708e+01 2.842994404997053337e+01 -5.349716320294486138e+01
2.011591868877049549e+01 3.834923556720476512e+01 -3.994088707384720749e+01
5.647364463334680806e+01 4.752230783082639931e+01 -4.717283219364506408e+01
1.576598160377682234e+01 2.814975630209305635e+01 -2.847827502263955068e+01
1.646170001596475885e+01 4.260843299202773160e+00 -1.060366022126392949e+01
7.057724728143953996e+01 2.356572918106918735e+01 -6.085453626332511590e+01
5.892168097296726614e+01 2.338005287630326734e+01 -4.710889815939249559e+01
5.023624751842559277e+01 2.077249388138763919e+01 -4.071715151384878340e+01
3.743043941356999937e+01 2.201710966547928194e+01 -3.784721995127502225e+01
2.800830993991187157e+01 2.497906859444658778e+01 -3.635354951731134321e+01
2.092071681032196295e+01 2.845177389117221978e+01 -3.463779799961932326e+01
6.913914886461808074e+00 3.796744169529679169e+01 -2.198438871744488665e+01
6.921940207472145801e+01 8.578056291604502448e+00 -5.857477113216286568e+01
6.220539921643120351e+01 4.901007797057006599e+01 -5.065278279832386232e+01
3.220335764641057974e+00 -3.492133124336363359e+00 -3.819062975556924311e+00
1.936170644435223664e+01 1.633603972838938390e+01 -2.767420131534771599e+01
7.774053425847125709e+01 3.678190730190060265e+01 -1.031907991778792990e+02
1.570565475523800636e+01 3.245032111986965617e+01 -3.375587193924066298e+01
2.241359662308675738e+01 1.427236855132671511e+00 -2.940472914790209913e+01
5.279631517773161420e+01 4.241780082601921009e+01 -4.905808109783882998e+01
1.681790540954980528e+01 8.875726641049327625e+00 -1.320797222294236484e+01
7.348671033184652401e+01 -1.123067124271753769e+01 -1.040571116303324288e+02
2.008738268238327151e+01 4.111933011667432680e+01 -4.161521496174277956e+01
1.175742995005835034e+01 1.336762371243408154e+01 -6.811472611176109027e+00
5.405200137624492385e+01 -4.525113895057456403e+01 -5.958698012075343797e+01
5.385865938799428676e+01 -5.295158141677919872e+01 -7.198899000738460074e+01
7.556480266125957712e+01 6.917314732817491318e+00 -8.301152177845253277e+01
6.229975293165199446e+01 -3.590424667929696767e+01 -6.848532160770761834e+01
7.246980181714238256e+01 5.096564612065947131e+01 -7.372532938681180781e+01
2.668763027532554943e+01 -6.761954712968784520e+01 -3.850527735610367586e+01
2.494696507251490392e+00 -4.970094518661388072e+00 -1.261487204804851459e+01
2.530186083647654982e+01 1.094787871064126428e+01 -2.998806812745937123e+01
6.966828138536709503e+01 3.736958745251137515e+01 -6.374642442016221366e+01
4.215666891128969240e+01 3.869196247401343669e+01 -4.117764876463219537e+01
3.647796694334327583e+01 3.791494086796468110e+01 -3.948390436998776920e+01
2.365054210996510875e+01 -3.476002812134743891e+01 -3.070793514940073266e+01
6.746150308615047209e+01 -5.488416781255522459e+00 -6.024576241133455312e+01
1.429861553727294776e+01 -7.731179451652252510e+01 -4.033365727926575772e+01
3.484379127860909620e+01 -6.798100187518789994e+01 -5.389136537756446188e+01
4.373006713363974285e+01 -6.187495088022691192e+01 -6.171484452726754455e+01
3.075614872045015602e+01 3.823745155155820896e+01 -3.921363447299660976e+01
2.541553925841496309e+01 3.944632100138169051e+01 -4.018097433557618814e+01
2.189722957210593890e+01 4.026505784337646787e+01 -4.161415957417641920e+01
6.717331851554558853e+01 5.034130501778997768e+01 -5.764763021755570804e+01
2.589111429413224741e+01 4.606313543118194787e+01 -3.903647660454629431e+01
3.167432602310549328e+01 4.796289325632098155e+01 -3.805521199126073384e+01
3.747722752047707218e+01 4.841034092385937271e+01 -3.849468527708743437e+01
4.332794830534451336e+01 4.734812540288783822e+01 -4.012754929628302136e+01
4.695206151108382642e+01 4.553980326814743762e+01 -4.234732520041990256e+01
7.651231121209971775e+01 5.320124596168466269e+01 -9.253139991969275968e+01
4.596063262220570067e+01 3.991870280478763533e+01 -4.340572755726273613e+01
2.099133166222956248e+01 -1.607175790710667229e+01 -2.420156578416023407e+01
1.551081925216637991e+01 -1.315434003606051672e+00 -1.720348331909332273e+01
8.692607969472469165e+00 -1.333642826665812109e+01 -1.855984335168782451e+01
4.509660475023370196e+01 -5.414507934350872631e+01 -5.276573379839701516e+01
3.628484441077598177e+01 -6.095464569115122799e+01 -4.598366568704457791e+01
1.468211926683626523e+01 -7.248170758053612417e+01 -3.196199712689779915e+01
6.161864110668790318e+01 -4.276315223384327169e+01 -8.498930382692088870e+01
2.186706004332201658e+01 4.316423802456060344e+01 -4.057326960733541199e+01
1.118044577527574290e+01 2.655614156143515459e+01 -1.937824929853885436e+01
2.536042361497618103e+01 -7.336319635707417319e+01 -4.562420996370510551e+01
7.314202670554830377e+01 -8.556974906290639282e+00 -8.151090784625644403e+01
1.186801884540560970e+01 -3.212550620951034830e+01 -2.465895650956659679e+01
1.281375331155856578e+01 -3.374711448340699604e+01 -2.339505527011411345e+01
1.381127305232482527e+01 -3.645499431937155776e+01 -2.211924686844991683e+01
1.472753502389273983e+01 -4.010559050192794217e+01 -2.297997750795699545e+01
1.720180156121172388e+01 -4.661174726811224645e+01 -2.813848477221985789e+01
2.022334241413330247e+01 -3.170403273787713516e+01 -2.968746695811451630e+01
2.227495200534566067e+01 -3.132612861412663463e+01 -2.964645152657591609e+01
2.425862507713053162e+01 -3.038960597648791051e+01 -2.962916714828321929e+01
3.156481147884841221e+01 -2.578820146632374133e+01 -3.128619782348382827e+01
5.835892117090237718e+01 -9.109509812220744962e+00 -4.639885204065960522e+01
1.124388806823988318e+01 3.354567989694584185e+01 -2.573193906165982980e+01
1.494874655792591511e+01 4.673609838993750287e+01 -3.697245031943872107e+01
1.892499910631573456e+01 4.515409012741691441e+01 -3.949438282921606458e+01
1.889770337942406186e+01 -3.076337806683724452e+01 -3.030527588605704636e+01
5.898907168781107657e+01 -2.599152590173017430e+01 -5.583585279569769000e+01
9.241493961921548816e+00 4.779024539019167150e+01 -2.870749868124805104e+01
2.147887203265930012e+01 -5.353300933168523557e+01 -3.188672836434317759e+01
6.597991467122665377e+00 3.043714077165337883e+01 -1.507481432448379977e+01
1.526976511956963556e+01 1.511880439741193349e+01 -1.915942138034685982e+01
1.110238410574431889e+01 -5.705180166257605379e+01 -2.821690520166713512e+01
3.650539394749786481e+01 -4.136520223125759799e+01 -3.836326063974767209e+01
2.800811181972499853e+01 -4.168326021319881391e+00 -3.081400512457200591e+01
2.973227644041589457e+01 -4.844758414262857826e+01 -3.519336707624792382e+01
4.382008732143243890e+01 -2.791652264583300624e+00 -3.354837615365649128e+01
3.424574439911287982e+01 -1.099983049893417331e+01 -3.142579133663107527e+01
4.921809933253764768e+01 -1.422866776048190296e+01 -3.826515493481609553e+01
1.355524248464244508e+01 -6.548131164826851602e+01 -2.854610951937892693e+01
1.899669165180024066e+01 1.080007190381028259e+01 -2.375883405679460481e+01
4.268009896164900852e+01 -4.647419055546829725e+01 -4.491652215389736114e+01
3.404483120301677701e+01 -5.399870760279793558e+01 -4.047359648554048306e+01
4.170353498270691261e+01 -3.292588828192872086e+01 -3.933832476315796356e+01
6.542280699112652087e+01 -1.743359475337435782e+01 -6.220399106345002593e+01
5.049421647096322374e+01 -3.375500959133798773e+01 -4.625030174758377655e+01
6.937439307351937146e+01 -2.286921496058461756e+01 -7.802890192419738469e+01
3.929012089931284635e+01 -2.033869338925214976e+01 -3.413795012679057095e+01
1.514233521434379526e+01 2.153249208240084656e+01 -2.385586548515186678e+01
1.421884483708613445e+01 1.172515853736033398e+00 -9.133612384237924431e+00
1.821332186731785541e+01 -8.560562214769533718e-01 -1.629597518687024404e+01
1.179036011434324926e+01 6.145369556351124807e+00 -4.517063652736760027e+00
2.050508563028157383e+01 5.330295512750891618e+01 -3.490761044373910948e+01
3.140968871226160886e+01 5.725883460581069073e+01 -3.411960736829505692e+01
4.068085520100579089e+01 5.784293080114544949e+01 -3.479924956839736438e+01
4.829166295287485866e+01 5.654133559478075455e+01 -3.758548726199440893e+01
5.360736654957411673e+01 5.330039500304363287e+01 -4.183359259167524868e+01
5.761967300829851268e+01 4.066855063232804213e+01 -5.194469573874680179e+01
7.682134170016502139e+01 2.200582680176047745e+01 -8.192095431619952706e+01
5.265921845094229070e+01 3.063155125878046547e+01 -4.611045546667733674e+01
4.593988682947691871e+01 2.856336085582056228e+01 -4.206050157207290852e+01
3.711877160694045585e+01 2.851644550127338107e+01 -3.918685420033248334e+01
2.860096012039515401e+01 3.013714450401089451e+01 -3.774763188697021121e+01
2.201057315048927165e+01 3.260622587447006993e+01 -3.780475425103630016e+01
1.745583009675022623e+01 3.512861818483894183e+01 -3.729668887838078462e+01
7.677819557115144278e+01 2.134159259447234902e+01 -1.076795775800717081e+02
1.789722208474656640e+01 -2.840153509288215528e+00 -1.963317317561332231e+01
1.096445132012913604e+01 2.018952295511104822e+01 -1.397273100036101035e+01
9.871998476920442300e+00 1.091184579103177121e+00 -3.879537966501144908e+00
6.222223277882332759e+00 -2.365815446901919916e+00 -6.499085987383367957e+00
9.703399380400044905e+00 -9.313707463465398240e-02 -7.133810332705439627e+00
1.598407669250786611e+01 -5.001645290242497488e+00 -2.178060957013097365e+01
5.185109351564650915e+00 -3.000711669074522359e+00 -4.757047420643308655e+00
4.496974346100034658e+00 -4.544768568186302815e+00 -1.259388005949551470e+01
1.769361016177751011e+01 4.067487102155213563e+01 -4.062839558331030787e+01
1.387529632185996675e+01 3.918574645170799187e+01 -3.661592472279129851e+01
1.178760917989129808e+01 3.826205539739697770e+01 -3.216396503588195799e+01
4.910434023233175793e+01 4.417529645336573196e+01 -4.472699601906955280e+01
5.248107393505800644e+01 4.664257725784988651e+01 -4.505876290364076908e+01
