6.464522760204343133e-01 -2.229066842208776578e+01 -1.354952246616939604e+01
0.000000000000000000e+00 0.000000000000000000e+00 0.000000000000000000e+00
3.963438831548437014e-01 -7.078110186141082671e+00 -1.602963384462190888e+01
-6.044418948268440950e+00 2.417776391011328840e+01 -1.018136955173281244e+01
-1.344854606583246737e-01 7.443010766088206331e+00 1.889395437605895900e+00
-3.737879899221048241e-01 1.728164554043865309e+01 -1.354118376019727510e+00
-4.399226773920024147e-01 4.091987063500922517e+01 -2.116814340944467077e+01
-4.904294508149784804e+01 4.272362350127318820e+01 -4.630364063632253391e+01
-5.866754037801333865e-01 6.187186171163700976e+01 -2.696412179167468537e+01
-5.918423100995254815e-01 7.201569448474224089e+01 -2.637739394723760356e+01
-5.722037835373992021e-01 9.968967714337452435e+01 -3.582756200363067478e+01
6.633266326951731129e-01 -2.581595061948618053e+01 -1.419593272433103515e+01
6.426302121899175601e-01 -2.874361979455960636e+01 -1.645853783811267235e+01
5.743646368414229153e-01 -3.028089827853674976e+01 -1.939393802218642904e+01
8.091400669444634985e-01 -3.311603299161400571e+01 -2.000777765980556921e+01
8.724934610958244852e-01 -3.646989345870790800e+01 -1.890103873098758314e+01
8.399978201688521606e-01 -4.059245539152649229e+01 -1.769584926498683686e+01
7.759840541575204753e-01 -4.452844432031596256e+01 -1.893747887657854534e+01
5.606317141175221064e-01 -5.008268023972737382e+01 -2.571440179724519481e+01
-2.287887346548077294e-02 -3.799456840672261748e+00 -3.228456730900151062e+00
-5.432852616478148100e+00 -3.379610985059722683e+00 -1.209688497108497707e+01
-7.319788903436177918e+01 6.837789010256263111e+01 -8.072471159602939395e+01
-2.985819270940300996e+01 3.618360225999433766e+01 -3.864013183208190583e+01
-3.660283643801164999e+01 3.557059598182357973e+01 -3.929749779269726417e+01
-4.296182010011911956e+01 3.589657432719200614e+01 -4.134672959764403544e+01
-5.137918322724392084e+01 4.008991151234940276e+01 -4.721979003062921265e+01
-2.402244676248351851e+01 3.814530900131508417e+01 -3.982558504503598584e+01
-3.863595035915025022e+01 5.635309221874229735e+01 -3.749208485746766684e+01
-3.135711215356214510e+01 5.569413678946344248e+01 -3.755161242989985482e+01
-4.537249339314198693e+01 5.512839151474564403e+01 -3.977182477387046333e+01
-4.993027578636792185e+01 5.222366864051570445e+01 -4.246183557860262425e+01
-5.668929627944201144e+01 3.498017325349887585e+01 -5.044505909697476653e+01
-2.434708128598722965e+01 -5.922592370632498415e+01 -3.228962598366798886e+01
-5.129994373593298462e+01 4.472515722267164051e+01 -4.873800314209787388e+01
-7.630689752530466308e+01 3.868294890158080079e+01 -8.057863492224514346e+01
-6.414340164577946268e+01 4.058395590998509306e+01 -5.778295352577903543e+01
-3.289714154033293880e+01 5.814662775231266068e+00 -3.081931959221844863e+01
-6.712422032662924920e+00 -2.156908946430799290e+01 -1.461090430488639491e+01
-5.245424814416603354e+00 -2.899178619317742545e+01 -1.725597795383307798e+01
-1.409909618587472657e+01 -2.471536615232064804e+01 -1.806282721435821514e+01
-1.848479692544773911e+01 -2.828281811825413428e+01 -2.195660607855880286e+01
-1.038588857066502058e+01 -3.005155220387767301e+01 -1.935018754095036897e+01
-1.417276305777597578e+01 -3.138193951411215110e+01 -2.312116823562358547e+01
-2.733243216118360763e+01 -3.932287929777744750e+01 -3.108728181617490804e+01
-5.412728020067819834e+00 6.689144869162158558e-02 -6.536250993841080659e-01
-6.512167551250392705e+00 7.248327560151483162e+00 9.798796994970065954e-01
-6.049290167750472591e+01 6.108365232101188980e+01 -4.640355568193083258e+01
-2.031788849955680831e+01 2.413295907919487959e+01 -3.107779102876563115e+01
-1.940866848516734677e+01 1.165482936954443716e+00 -1.673081267485058632e+01
-2.022662408817000212e+01 5.066226731555603990e+00 -1.880356431850867693e+01
-5.293348489423780734e+01 6.449799086053379149e+00 -3.939068055740237639e+01
-6.342315455412944836e+00 1.638245966149718313e+01 -3.418868531244856790e+00
-4.568343700132891172e+01 7.061481481071545829e+01 -3.578820177204366360e+01
-5.434604241230965016e+01 6.726521471150968523e+01 -4.105615204856118083e+01
-6.681067219243182365e+01 8.098674780867209222e+01 -6.854399950692787513e+01
-1.596547139033958729e+01 6.466169198412892172e+01 -2.926465203348821476e+01
-2.493568213967626690e+01 5.289692627125418056e+01 -3.915359998508544237e+01
-3.171517963566131115e+01 -3.300106139091172963e+01 -3.282858575631943410e+01
-6.795332743339439219e+01 -2.565145131215152574e+01 -9.336266266899775701e+01
-1.433305158026243831e+01 -2.702635171815817472e+00 -1.891530497370750652e+01
-9.214688419690522991e+00 -4.503078713329821348e+00 -1.849094677428578848e+01
-2.305264338227592447e+01 -3.378113506159689905e+01 -3.124821212159575268e+01
-2.000736310696249731e+01 -3.300790504513915380e+01 -2.929558500690674450e+01
-5.830359232885243870e+01 7.181997722837805043e+01 -4.445948653797898942e+01
-1.929353131576733560e+01 -2.172635716102156334e+00 -2.014690137129123215e+01
-3.340560266010975710e+01 7.055471158685614341e+01 -3.174078730124066894e+01
-3.475133510936382208e+01 7.608760296432089376e+01 -3.077130218584180099e+01
-3.986681127312843387e+01 9.689145452998666030e+01 -4.386241457747058092e+01
-6.277584819443631403e+01 7.616807149187511072e+01 -5.457172244008686590e+01
-3.665043833702212339e+01 8.612055856707129919e+01 -3.676846627767489650e+01
-6.455826701654135036e+01 6.396639809961614986e+01 -5.240068652583497055e+01
-6.900352826116996141e+01 6.556649135786061322e+01 -6.549182984789055695e+01
-6.113042063552840411e+00 -2.573996350352398110e+01 -1.506799516903231329e+01
-1.200696383694923064e+01 -2.794526675210812883e+01 -1.824148932761810826e+01
-1.634822839586684751e+01 -2.999172650540667817e+01 -2.191454520792565930e+01
-1.258427240528449076e+01 -3.939553328002478594e+00 -2.055770987061216815e+01
-2.136639669252073404e+01 -3.360233900534128537e+01 -3.030528357882683110e+01
-1.963583542656787273e+01 -3.464022838483343492e+01 -2.636560903269293021e+01
-1.953228624509432620e+01 -3.228718599428479052e+01 -2.919224223481364078e+01
-1.164180345356304258e+01 -3.601889867905633258e-03 -1.010739272666135591e+01
-1.285050220314978198e+01 -3.108071951327261928e+01 -2.414336599260996152e+01
-9.034791853344806611e+00 -3.059537544960762290e+01 -2.180371887062617375e+01
-4.456649786626042165e+00 -3.031512419720136009e+01 -1.989040543874439493e+01
-7.820889018637661394e+00 -4.994945151721559284e+01 -2.586069332168623802e+01
-7.084567849333365253e+00 -4.405868938568362125e+01 -1.923033405628918757e+01
-6.534758800149974789e+00 -3.984726941550179191e+01 -1.823269937429036602e+01
-5.788498395186971734e+00 -3.585852474590490857e+01 -1.951054676867681437e+01
-5.153255993310008165e+00 -3.307929242736964426e+01 -2.060817862152240210e+01
-1.436203608312561109e+01 -3.293959835134577219e+01 -2.467542904008874771e+01
-1.546403757362375586e+01 -3.404359064053888773e+01 -2.361378504467401740e+01
-1.713525210838133717e+01 -3.607628927253763607e+01 -2.246499484383989298e+01
-1.866572621186769965e+01 -3.848758575212330157e+01 -2.349189046734894148e+01
-2.513072555381331341e+01 -2.018334284996597816e+01 -2.493909749970742951e+01
-7.535028679654793393e+01 8.666178474693888134e+00 -1.056742175374905344e+02
2.632498120592011714e-01 -5.107063793304432053e+00 -1.165816468143714779e+01
-1.684145187565451707e+01 -3.293120203557590742e+01 -2.716069823311918441e+01
-1.806317567320168038e+01 -3.358804584984378749e+01 -2.645895271200195253e+01
-7.120744299887129536e+00 -7.471063550822194088e+00 -1.778788104295675154e+01
-1.679617652780354220e+01 -6.523060840450677134e+00 -2.477957703174974213e+01
-8.092777473450423642e+00 -6.071483109624353780e+00 -1.809780424274376287e+01
-2.723086266328155602e+01 1.969095838114949260e+01 -3.305093432344764892e+01
-3.802269102496615716e+01 1.478481145191516788e+01 -3.507240602749553915e+01
-2.097253089790255132e+01 1.754812442599105626e+00 -2.237938652573038567e+01
-5.651325022033351786e+01 9.077197908103798341e+01 -5.532530959598113185e+01
-5.282341678641376603e+01 8.347991785253606167e+01 -4.516867895595665772e+01
-4.838391104971912426e+01 7.594578692227855754e+01 -3.715156106592714025e+01
-2.272538858709007314e+01 -4.346083494545819548e+01 -2.824152055173960463e+01
-1.817169697095613046e+01 7.412319202632326665e+01 -2.728038910174053910e+01
-1.966491316544410850e+01 8.549052405477894467e+01 -3.181588741235744067e+01
-2.175166230149725166e+01 9.926894999989264079e+01 -3.719369986725912725e+01
-4.832986199453116427e+01 3.732551946437520485e+01 -4.450866844739883277e+01
-6.383190980470162401e+01 2.958839095798937180e+01 -5.372266870305060849e+01
-2.022208566985773359e+01 4.023379636383808133e+01 -4.075957842496924854e+01
-5.711644732445984829e+01 5.001587767969576248e+01 -4.853133184011777246e+01
-1.579820304935648601e+01 2.909945634512889612e+01 -2.905172277914532231e+01
-1.606256054901286845e+01 4.202166787471891318e+00 -1.052167614420667263e+01
-7.081912194721313369e+01 2.487985302291198764e+01 -6.071142399459557737e+01
-5.917875577774407247e+01 2.416274647814325505e+01 -4.710336414172510189e+01
-5.040506691189386856e+01 2.135096066025551664e+01 -4.068268280383887259e+01
-3.745496413162893390e+01 2.278481056241718505e+01 -3.794652899145407332e+01
-2.808560295422362429e+01 2.597799136143161292e+01 -3.652318475147396271e+01
-2.103697880989905400e+01 2.958451529836317917e+01 -3.513975443130323129e+01
-6.839847970563198487e+00 3.912211631007378543e+01 -2.349305978052749211e+01
-6.890873235747136505e+01 9.718852273550952603e+00 -5.765627934249854292e+01
-6.272842028346177301e+01 5.152873152861059225e+01 -5.207034013249833038e+01
-3.209237089735641923e+00 -3.478890950732984155e+00 -3.561468052383729876e+00
-1.908922016479435158e+01 1.687008973204601148e+01 -2.758911602131409069e+01
-7.771936537728569760e+01 3.914945123771329349e+01 -1.031346655225495965e+02
-1.576047038293966907e+01 3.377800316795095625e+01 -3.451262882521464093e+01
-2.148547436064615468e+01 1.278363855699620633e+00 -2.875502864743350173e+01
-5.344916659365132716e+01 4.451510722973457490e+01 -5.004192145047218077e+01
-1.659873333557844077e+01 8.911521925417495993e+00 -1.316915556961429168e+01
-7.308383103147340876e+01 -8.098797928848961547e+00 -1.014474363097397713e+02
-2.016082271365294787e+01 4.312961253192591471e+01 -4.249978741415392847e+01
-1.186638837890975573e+01 1.357421168680566126e+01 -7.109703837824500994e+00
-5.280729459023575600e+01 -4.341501430019589947e+01 -5.644848438866191032e+01
-5.327971702004961685e+01 -5.028985231285061275e+01 -6.838856505258300444e+01
-7.541078228403226547e+01 9.029161510812958369e+00 -8.164576187697011278e+01
-6.100244252310954352e+01 -3.377955914683971628e+01 -6.540405314341256826e+01
-7.273928467713574264e+01 5.297864561759848812e+01 -7.496927666829934367e+01
-2.630951259608850989e+01 -6.566183825454037049e+01 -3.596809194535430976e+01
-2.132571525733049089e+00 -4.873751571200067190e+00 -1.214373980037526124e+01
-2.492309848549309592e+01 1.133199977939939096e+01 -2.971708110488464527e+01
-6.992405434026903777e+01 3.923969662182209106e+01 -6.437987260135791701e+01
-4.248393483928302317e+01 4.026516280745926935e+01 -4.201090291415455624e+01
-3.675037409088400153e+01 3.956951945023363493e+01 -4.027942094388347272e+01
-2.139639398889324085e+01 -3.602108804912201379e+01 -2.741691527884934843e+01
-6.656439610896082115e+01 -4.053510778903364198e+00 -5.857433284307460752e+01
-1.449164140703189219e+01 -7.502264728440295016e+01 -3.766222854955022115e+01
-3.467283338933771830e+01 -6.539945180689569781e+01 -5.064688611998501244e+01
-4.334209306400850892e+01 -5.927520171716422226e+01 -5.820414602485090683e+01
-5.396448902687482896e-01 8.470989154781265995e+01 -3.032379088469807726e+01
-1.901570477044951524e-01 -7.631722506158483554e+01 -3.565751248101635440e+01
-3.101709467671610554e+01 3.995466913650236762e+01 -4.008056684487663546e+01
-2.557142680221304332e+01 4.121842155741200031e+01 -4.097105986559720492e+01
-2.196783483157422623e+01 4.218865787841139792e+01 -4.245376940513375530e+01
-6.758234331872874634e+01 5.279273552798566271e+01 -5.913180461673319144e+01
-2.612428864686203767e+01 4.772406390796973596e+01 -4.007971409137312691e+01
-3.202058396730382839e+01 4.952235222158157057e+01 -3.928055732972541136e+01
-3.793828962894176016e+01 4.992365632386362506e+01 -3.966887250570847812e+01
-4.380227794523455032e+01 4.885738408305279989e+01 -4.136293765918048848e+01
-4.750764999899038088e+01 4.712170051270684468e+01 -4.346530173817405540e+01
-7.661431795978465686e+01 5.524812816568327634e+01 -9.371863153951106540e+01
-4.634841547231422254e+01 4.145434906355333027e+01 -4.429567024817514920e+01
5.051984439307182218e-01 -1.163174792944952252e+01 -1.697562296456524322e+01
-1.976286558272062877e+01 -1.609164220945738322e+01 -2.271747270088191328e+01
-1.458043484765727804e+01 -1.467910881337864959e+00 -1.678278844995295316e+01
-7.889578858672858352e+00 -1.284928838821041985e+01 -1.745456436054866600e+01
-5.840611008421806583e-01 5.120087185491220083e+01 -2.650998545083162483e+01
-4.421680418519087397e+01 -5.227766858611912681e+01 -4.967291763574533547e+01
-3.569860718753655959e+01 -5.895536859261176943e+01 -4.319743285751199124e+01
-1.460246365380541889e+01 -7.070051041852950391e+01 -2.977980439154998393e+01
-6.103291697214413603e+01 -3.988075170576158968e+01 -8.141042288517563463e+01
-2.196327157094000526e+01 4.499414045183296906e+01 -4.153533553623426400e+01
-1.117190002311508579e+01 2.728318683558231683e+01 -2.009228728164773159e+01
-3.200402600292795441e-02 -7.180602015258308768e+01 -2.797512545148666874e+01
-2.538914334600310951e+01 -7.099309025669271023e+01 -4.284938235954332697e+01
-7.270680482000912548e+01 -6.275907574576731207e+00 -7.944763276540548702e+01
-1.021793600598714669e+01 -3.287341503475638405e+01 -2.248191516844812554e+01
-1.136111638006168256e+01 -3.484701115169028185e+01 -2.119578188292640419e+01
-1.264900891676444061e+01 -3.796384576636776131e+01 -1.998038617043855325e+01
-1.371796205670144175e+01 -4.171423293827094625e+01 -2.081712365645856266e+01
-1.626461020932194046e+01 -4.725706252432656385e+01 -2.607435574162372305e+01
-1.745441467019490744e+01 -3.236340103191282935e+01 -2.646630745177413857e+01
-1.953055635285802438e+01 -3.201509969787660026e+01 -2.639431951090969264e+01
-2.162844070415871656e+01 -3.107154467241711870e+01 -2.643855907011489847e+01
-2.931107272848582568e+01 -2.619093288183375279e+01 -2.853916057494241443e+01
-5.695094076352371104e+01 -8.239346581042701345e+00 -4.513011407770972028e+01
-1.126619273481144567e+01 3.463498532213296244e+01 -2.676276702434703481e+01
-1.495943528901588060e+01 4.913087572082893928e+01 -3.826848016502096073e+01
-1.894930700640866306e+01 4.746326024776069374e+01 -4.065255593837889592e+01
-1.611531562409011542e+01 -3.131316251349297630e+01 -2.705392280967353358e+01
-5.724129242473166812e+01 -2.460175411638298115e+01 -5.345569596091300468e+01
-9.265702808884157093e+00 5.006675862144374634e+01 -3.051526616057943642e+01
-2.056573437201911858e+01 -5.306872694072544050e+01 -2.981398927831916978e+01
-3.801586851850689563e-01 2.534606238893250918e+01 -8.113132000753145334e+00
-6.658379206431781050e+00 3.120775146374560904e+01 -1.627202313927981692e+01
-4.179180829245889850e-01 3.279982877425483423e+01 -1.482964719223882355e+01
-1.517329962492570239e+01 1.553395617970279829e+01 -1.928550524346857031e+01
1.636002248001975357e-01 -6.508518291959443047e+01 -2.485578816455389628e+01
4.271828167545845822e-01 -5.700853178315855985e+01 -2.545988433820522090e+01
-1.033880963230686767e+01 -5.661435541046546405e+01 -2.674092430991792213e+01
-3.508759411051043742e+01 -4.119404106198068405e+01 -3.555194090827099274e+01
-2.709577760746829966e+01 -4.236046372899818557e+00 -3.002074606359969877e+01
-2.875693173229291233e+01 -4.805845509434604423e+01 -3.272361012574460659e+01
-4.264822804632664344e+01 -2.416784517810204758e+00 -3.300228323366913941e+01
-3.292808504793153190e+01 -1.088833740006695194e+01 -3.011566128862600777e+01
-4.745276032571018732e+01 -1.367625666195434952e+01 -3.682739395882278188e+01
-1.308873924855440052e+01 -6.420644846461546251e+01 -2.674876062815475208e+01
-1.863244703580334871e+01 1.108424331721419343e+01 -2.356238220182773091e+01
-4.153105409378029123e+01 -4.551365184239067219e+01 -4.204556683346103796e+01
-3.314107585364547504e+01 -5.275229761389002192e+01 -3.793620904697644391e+01
-3.979951313571567084e+01 -3.285965322001182187e+01 -3.669432154737628338e+01
-6.417321789811194321e+01 -1.573005501646937709e+01 -6.004030873197699947e+01
-4.884862986443040711e+01 -3.289960622253979494e+01 -4.367344320805415947e+01
-6.855322989085055951e+01 -2.050569452461085262e+01 -7.533687629321389068e+01
-3.726226541443246987e+01 -2.033452526207776856e+01 -3.219321214308839529e+01
-1.504485889645994767e+01 2.219049989397207057e+01 -2.407234558649161826e+01
-1.380788190664891602e+01 1.084110824669243467e+00 -8.966562995444956385e+00
-1.726500322500766416e+01 -1.100960660140598124e+00 -1.593648062934409815e+01
-1.169473680340957422e+01 6.130688589563029645e+00 -4.666566105463609837e+00
-2.080866871664514051e+01 5.662813599856809077e+01 -3.660458368978363097e+01
-3.187900505815338192e+01 6.107051098629366948e+01 -3.621135618809384482e+01
-4.128017804750644615e+01 6.162756084962443737e+01 -3.695766165918647062e+01
-4.899381473838204215e+01 5.996640748792034969e+01 -3.963349331079427884e+01
-5.428448504663534635e+01 5.628160893740398052e+01 -4.368344429539289564e+01
-5.813740298523283911e+01 4.257440905538087605e+01 -5.287029008610691250e+01
-7.691889415451886691e+01 2.398677468421399794e+01 -8.126862532783648874e+01
-5.306932311771365107e+01 3.181959737681114575e+01 -4.656215533667749185e+01
-4.623221470362104668e+01 2.960819705513226552e+01 -4.248399854556004840e+01
-3.735099840202321531e+01 2.975970224381223161e+01 -3.967676662857220293e+01
-2.884521505367859007e+01 3.152318394695599935e+01 -3.807261779917261180e+01
-2.216070770558362568e+01 3.415931168606947921e+01 -3.847767415907555488e+01
-1.753566822933034786e+01 3.673993598886532652e+01 -3.802206895394703423e+01
-7.656698431472332800e+01 2.405448945540983985e+01 -1.067071963491053026e+02
-1.686824321133326876e+01 -3.109224141046222467e+00 -1.911447970225944104e+01
-1.100282420937157113e+01 2.067433405886952258e+01 -1.445973314389430797e+01
-9.737092554023695001e+00 9.928410660329494153e-01 -3.887187146193475051e+00
-6.179930314703645955e+00 -2.355173456142121591e+00 -6.305086957813117898e+00
-9.453137471037969419e+00 -1.721717802413957610e-01 -6.964417345920558944e+00
-1.492673184539741094e+01 -5.218186274545280945e+00 -2.126554577047626893e+01
-5.107459547865106586e+00 -2.996889866873800656e+00 -4.548530051739259505e+00
-4.119237149459512359e+00 -4.443108884188814223e+00 -1.215416563184464671e+01
-1.762190111599133857e+01 4.276142568145713341e+01 -4.162461030226506153e+01
-1.387658195097843006e+01 4.102359417191473057e+01 -3.762940217806259113e+01
-1.176099166410135766e+01 3.986554399441207863e+01 -3.338002808232852203e+01
-4.966669147001428541e+01 4.580269591873076962e+01 -4.577320044824620737e+01
-5.321341468356259696e+01 4.914997665335239674e+01 -4.627712337704654999e+01
5.274917859287080901e+00 2.422442549573320392e+01 -1.029757343416538973e+01
4.665164004248408247e+01 4.281961928199016398e+01 -4.632777878140903738e+01
5.697854029847497337e+00 -3.279709133727219506e+00 -1.204395500170829258e+01
6.997505424747897962e+01 6.824269233938466073e+01 -8.105865059040138476e+01
2.785997068908795171e+01 3.615105854230168347e+01 -3.886672649766833132e+01
3.441496465522885018e+01 3.568924884323332947e+01 -3.947692153325401421e+01
4.067028932573988698e+01 3.610390581774293395e+01 -4.150277606290117660e+01
4.872305556664804271e+01 4.025603483986770215e+01 -4.732733168841684801e+01
2.234484906291667983e+01 3.806820525423850654e+01 -3.991864054220314273e+01
3.632330707123406910e+01 5.588706833630713078e+01 -3.754661248057098533e+01
2.926019900682456409e+01 5.529672899946101694e+01 -3.748950408206327012e+01
4.297176362919264392e+01 5.466207928176564934e+01 -3.985042826364823298e+01
4.740258248002476904e+01 5.186209780190139185e+01 -4.240770762528025983e+01
5.402411665818148379e+01 3.529680121839409424e+01 -5.038061618105144390e+01
2.402355466106275017e+01 -5.828190026517593481e+01 -3.197758475514888588e+01
4.889176590068356631e+01 4.472515722267164051e+01 -4.873800314209787388e+01
7.294532114000253387e+01 3.917755598522342098e+01 -8.074789207517943623e+01
6.126230994865067458e+01 4.088972523187058528e+01 -5.769666180521432608e+01
3.174904211841265678e+01 6.509408493463075374e+00 -3.056252446832080238e+01
7.816789641995435467e+00 -2.121789918360137861e+01 -1.466961646700607957e+01
6.352866630733192466e+00 -2.867764517901913379e+01 -1.736401707186466936e+01
1.490918669866435664e+01 -2.390962096148209071e+01 -1.824880751509882160e+01
1.910089753899862686e+01 -2.726516670793094121e+01 -2.226778275739237856e+01
1.118909963014737663e+01 -2.945430890309906502e+01 -1.961529125495708215e+01
1.486227622878860366e+01 -3.056935087561330633e+01 -2.344715791953545292e+01
2.750299170415620154e+01 -3.813764193299937233e+01 -3.102035869787647115e+01
5.246164956474912877e+00 1.656432286273467891e-01 -5.700639131863389775e-01
6.045758569675471428e+00 7.339464212313749236e+00 1.157779106326711771e+00
5.745385613191983509e+01 6.051521658735352815e+01 -4.620564445395152831e+01
1.911156917617259410e+01 2.433711034089998293e+01 -3.119437839463313722e+01
1.894200745888404569e+01 1.738147565217460500e+00 -1.684480136530174477e+01
1.948118477609329702e+01 5.664446766460729421e+00 -1.891932768829011735e+01
5.081192379500477330e+01 7.366966419186227633e+00 -3.916941512195701591e+01
5.661479375441371253e+00 1.645999632166031290e+01 -3.477944484231483280e+00
4.330579286832922747e+01 6.958866217047622627e+01 -3.499497613522378003e+01
5.166525202417897589e+01 6.643171903935584055e+01 -4.044672376901945654e+01
6.392809755155968077e+01 8.065952327357118179e+01 -6.857587290326880236e+01
1.455321719074093956e+01 6.425388800261487177e+01 -2.883271047495084360e+01
2.317508245051984872e+01 5.257449954796237535e+01 -3.924535572223424396e+01
3.178946788094507525e+01 -3.168113768487072690e+01 -3.296427796949402733e+01
6.458867748436099987e+01 -2.416688889341551771e+01 -9.378264216298394729e+01
1.433364189814317946e+01 -2.195868917281845967e+00 -1.898262054898037476e+01
9.502579869251258415e+00 -4.165575362128805637e+00 -1.830102956597167108e+01
2.375931040231587588e+01 -3.256795342865365939e+01 -3.181471838783155803e+01
2.047586110009129712e+01 -3.187347471991792247e+01 -2.976364682372033599e+01
5.542216029355678586e+01 7.082122107868889316e+01 -4.384950357933676912e+01
1.888473037046822256e+01 -1.488730360449438628e+00 -2.023324746864397028e+01
3.146525587833625082e+01 6.973863484533104895e+01 -3.092769363446208786e+01
3.271614583364545581e+01 7.521825227518112911e+01 -2.999187350291918364e+01
3.771333294543628512e+01 9.653467896653739899e+01 -4.372370072591895251e+01
5.983382556301037880e+01 7.565217731066437068e+01 -5.420665762478033400e+01
3.473893153532422673e+01 8.552437302479755488e+01 -3.637290049581918083e+01
6.141650753917136996e+01 6.342444784711176453e+01 -5.228316263193026003e+01
6.583472157970795990e+01 6.526306916125822966e+01 -6.548202157322593564e+01
7.241358435258087312e+00 -2.540987685410673436e+01 -1.516234615720028067e+01
1.294183196965740379e+01 -2.724515788349161838e+01 -1.846575255795317361e+01
1.706925336435810081e+01 -2.902068084731080688e+01 -2.217906831136964740e+01
1.273167578696216573e+01 -3.439560449755242555e+00 -2.046775889623282296e+01
2.198917329969082957e+01 -3.243050046059082803e+01 -3.067931100206951101e+01
2.024902106473795271e+01 -3.357213215312604149e+01 -2.653273859376842836e+01
1.984959283842346878e+01 -3.121495410513329105e+01 -2.963831097696535366e+01
1.146930827922499319e+01 2.311795991928912719e-01 -1.035146478118143065e+01
1.329205222455602886e+01 -3.029235984277820037e+01 -2.448703675189284823e+01
9.707509980717773601e+00 -3.007413323362367308e+01 -2.209926051008751102e+01
5.406665113853281746e+00 -3.004754878708452637e+01 -2.006473728382805888e+01
8.666649374532212846e+00 -4.962639334489461618e+01 -2.556993414276525911e+01
8.342947400747394937e+00 -4.376097500100189563e+01 -1.907139323534662267e+01
7.981729875817232589e+00 -3.958943185049283642e+01 -1.820775445046335150e+01
7.334342044721033460e+00 -3.558623444166033067e+01 -1.957723863465581360e+01
6.599408473425099508e+00 -3.284336253566473829e+01 -2.073927812770332935e+01
1.516265780273363362e+01 -3.218088241199845356e+01 -2.487506150073871325e+01
1.621687546488560372e+01 -3.326363478513841443e+01 -2.362500356309438487e+01
1.778686601185913929e+01 -3.526075850549562318e+01 -2.239712490641920795e+01
1.931283584928453934e+01 -3.760641478543438154e+01 -2.341554011611702890e+01
2.515734467561705756e+01 -1.915868779698092084e+01 -2.497848000084152176e+01
7.214092081034500836e+01 9.602608266728287489e+00 -1.062533671967549793e+02
1.733682039428688526e+01 -3.204389045637405076e+01 -2.763360056028378509e+01
1.865259706614074986e+01 -3.261881407753448059e+01 -2.671369586048221834e+01
7.640662604880549047e+00 -7.126218233768242705e+00 -1.772828083270113098e+01
1.682973389776203632e+01 -5.754696257460700792e+00 -2.454899571127103286e+01
8.498413031243405413e+00 -5.749596418275881859e+00 -1.793622970359092150e+01
2.587443735693882729e+01 2.007025042421633287e+01 -3.310926471325993248e+01
3.650525825744146147e+01 1.538618014966131398e+01 -3.492765403502617971e+01
2.035451567549960217e+01 2.430567955774919131e+00 -2.236991717881467068e+01
5.385854359116179069e+01 9.038284490054401488e+01 -5.509437637779796404e+01
5.024919906019854210e+01 8.275729221550299997e+01 -4.459683545223413859e+01
4.591092659067194148e+01 7.491294502463132687e+01 -3.637454583004149100e+01
2.296044653209434117e+01 -4.245784742590921468e+01 -2.805014732241233233e+01
1.661844127572368279e+01 7.356009690380872712e+01 -2.681382762746767057e+01
1.816830727658787481e+01 8.522148216188273295e+01 -3.160649259815964740e+01
2.010833712859678002e+01 9.912903869928211975e+01 -3.698312055845436674e+01
4.580840849846065765e+01 3.756560701736330543e+01 -4.455539687598268728e+01
6.096778705866965709e+01 3.010879694279010010e+01 -5.369996770894490368e+01
1.878952750844053199e+01 4.015177576811500160e+01 -4.101689808600299614e+01
5.429608384642023111e+01 4.982237626280423370e+01 -4.853361183229583986e+01
1.464512175979506026e+01 2.921323612627167421e+01 -2.918045207287487841e+01
1.552980368294556079e+01 4.543362357078958524e+00 -1.059812585685521569e+01
6.763807413239138100e+01 2.560780278151035816e+01 -6.079678888235111600e+01
5.653325781175394127e+01 2.481928370251721816e+01 -4.710804785084233970e+01
4.816962518015877492e+01 2.198233570690258176e+01 -4.056255642811404272e+01
3.576244121381736107e+01 2.321897055188011549e+01 -3.796573905729282217e+01
2.659274040692378094e+01 2.622310784958682817e+01 -3.661905907370507407e+01
1.966572770007450188e+01 2.970674502173422127e+01 -3.518740080732417397e+01
5.902061283914549428e+00 3.907213512046833870e+01 -2.350898905525057714e+01
6.590038329247026638e+01 1.072541084573518688e+01 -5.783013970540010007e+01
5.971592783174293118e+01 5.142164841183519286e+01 -5.212171496861198250e+01
3.139664971122233084e+00 -3.460098428553109340e+00 -3.645148803002477678e+00
1.810427825836881510e+01 1.718166702565687842e+01 -2.775548405663907658e+01
7.453911882047921722e+01 3.964289978129630043e+01 -1.036088385818893585e+02
1.462468704028863620e+01 3.376587022290799212e+01 -3.460152633285040480e+01
2.107224134424582473e+01 1.998521112888336893e+00 -2.861769578362151734e+01
5.092533038326779860e+01 4.447146961819793631e+01 -5.011062100329382218e+01
1.573866145570748465e+01 9.279557768929146633e+00 -1.327165087644586094e+01
6.968874401439694566e+01 -6.837071227097174742e+00 -1.020200987817462845e+02
1.872035938441610625e+01 4.300353356945215211e+01 -4.289655321649183861e+01
1.100188206162372495e+01 1.377291638527533379e+01 -7.183648277860460674e+00
5.072512150467039760e+01 -4.184952886027539165e+01 -5.630049627370365783e+01
5.071407301114236787e+01 -4.863927194219058947e+01 -6.842070044069546952e+01
7.226160698078656708e+01 1.006010887769761553e+01 -8.196330843653484521e+01
5.833887827790195502e+01 -3.224996536184803375e+01 -6.553911871475419559e+01
6.961361442027649105e+01 5.309008776960914133e+01 -7.518903081268828714e+01
2.568784628876494835e+01 -6.463685799565841705e+01 -3.573938331026786130e+01
2.680648211111892110e+00 -4.799628488258345982e+00 -1.207526381047710373e+01
2.382627627755092092e+01 1.184512659753558950e+01 -2.970499296059720606e+01
6.683767979176755603e+01 3.955864468833927816e+01 -6.444465414683779159e+01
4.030035648420633265e+01 4.036283108378017204e+01 -4.211390051370390353e+01
3.464588267912617425e+01 3.959331192886651962e+01 -4.047985850080767278e+01
2.202365778463633816e+01 -3.492191427015958283e+01 -2.761110356584460490e+01
6.366694047665331624e+01 -2.880537733666764133e+00 -5.870147574027162563e+01
1.393313173104321478e+01 -7.449271711537791418e+01 -3.746641365838944182e+01
3.338144857020432710e+01 -6.409706411076129484e+01 -5.060299263254582058e+01
4.152398610268807744e+01 -5.770934909449872663e+01 -5.824167356519244265e+01
2.905025740899830211e+01 3.988609894593059124e+01 -4.026303637760591414e+01
2.386519226139671090e+01 4.115440943586357747e+01 -4.130201813639094865e+01
2.052244681599148990e+01 4.207598023988237657e+01 -4.284610294104361827e+01
6.440690464003050408e+01 5.274520746140319005e+01 -5.913030237819787516e+01
2.411993496435448137e+01 4.750577165072435548e+01 -4.035597862578786277e+01
2.966674957943448376e+01 4.924680672262902448e+01 -3.938346626876857215e+01
3.549030967824243987e+01 4.967271700877679308e+01 -3.983472148287457060e+01
4.131783680852763752e+01 4.872178251787597958e+01 -4.141033545333807098e+01
4.500660066184043728e+01 4.705218403315360121e+01 -4.344944751509326863e+01
7.351242802720092584e+01 5.538781586078211916e+01 -9.402947715258055439e+01
4.404499371601123414e+01 4.158879645154434712e+01 -4.435637687733117929e+01
1.989703452367299263e+01 -1.519736700609829683e+01 -2.270272035709293590e+01
1.454310836723527345e+01 -1.055450423308873065e+00 -1.677175115660431004e+01
8.601264987583727262e+00 -1.246764461095643206e+01 -1.743671470653785605e+01
4.268208753947926226e+01 -5.078244737759929706e+01 -4.939138136445457405e+01
3.452778730839015964e+01 -5.764091476352515286e+01 -4.282772377983201295e+01
1.425948336940783712e+01 -7.014985225069126784e+01 -2.947792855250190769e+01
5.790680225363366418e+01 -3.827009039533838575e+01 -8.172134437521351913e+01
2.039326015609066900e+01 4.485156014130336644e+01 -4.194959077965149419e+01
1.024263971950909458e+01 2.735264082279885045e+01 -2.014336757487691187e+01
2.455310768492364915e+01 -6.996699441035150357e+01 -4.269239743536789433e+01
6.947971661144963207e+01 -4.988509235795858032e+00 -7.967950151121827673e+01
1.142223177686965663e+01 -3.240230663368011932e+01 -2.261573765110088985e+01
1.249289702927885948e+01 -3.432808296504252610e+01 -2.131993580988928727e+01
1.366059550256693811e+01 -3.739513308468425379e+01 -1.997502995545907112e+01
1.470840005033859832e+01 -4.111786593570986525e+01 -2.073357973481587990e+01
1.668745247524861597e+01 -4.659510938355158771e+01 -2.584964132759976607e+01
1.798177939735729325e+01 -3.134169674822537388e+01 -2.690728064251475971e+01
2.014758688153787247e+01 -3.093976929699470801e+01 -2.682211012759336910e+01
2.216193754376422476e+01 -2.990657018506835030e+01 -2.688526400651945281e+01
2.935401578069057393e+01 -2.497465304877206904e+01 -2.871271277025278579e+01
5.457563338742068737e+01 -7.079028842738518179e+00 -4.489149625468611049e+01
1.024095371729413273e+01 3.465552988771020893e+01 -2.681289018214150133e+01
1.377910336363870059e+01 4.889212405758270563e+01 -3.834769903423732984e+01
1.753450992843932355e+01 4.727888260067464898e+01 -4.098493476465900898e+01
1.654063380617850498e+01 -3.037335121445548225e+01 -2.750207276394816702e+01
5.507880869056918982e+01 -2.323819611528553608e+01 -5.339289934902126333e+01
8.099831763585125799e+00 4.991496497700332213e+01 -3.042926230496514606e+01
2.054501248218770115e+01 -5.223383686961692973e+01 -2.945029314870847159e+01
5.751930664615635180e+00 3.123206163516150724e+01 -1.626700578000761155e+01
1.424871568074382111e+01 1.575952172894691650e+01 -1.934485308851391849e+01
1.085157530451046703e+01 -5.619934454313663963e+01 -2.639174697013425330e+01
3.459935404933080605e+01 -3.993430204003256989e+01 -3.508437323405208730e+01
2.662566085369033431e+01 -3.332899868463304216e+00 -2.977018528857612978e+01
2.840687196367070655e+01 -4.696296005688751052e+01 -3.224791624267376022e+01
4.123045152916113665e+01 -1.539109787632050974e+00 -3.243323271305057176e+01
3.237194234297399476e+01 -9.936160189654607677e+00 -2.986665345806553873e+01
4.588681700891083182e+01 -1.260686104330845403e+01 -3.635572817535830836e+01
1.317967423734681631e+01 -6.372585176551338293e+01 -2.649729688212192968e+01
1.774854445288677951e+01 1.148306288628090499e+01 -2.366566484239346480e+01
4.049670736562607942e+01 -4.414980195517805583e+01 -4.165301257294697024e+01
3.254011076615515208e+01 -5.154207365426395171e+01 -3.746362834006733067e+01
3.916275507144029433e+01 -3.152920448566464628e+01 -3.645845809610602828e+01
6.142950691533662422e+01 -1.443386667656631772e+01 -6.001016574306170526e+01
4.722925694030659827e+01 -3.151099345255948236e+01 -4.339661963255884558e+01
6.547317546726337412e+01 -1.906950978704111321e+01 -7.557280976593600030e+01
3.662261649147500719e+01 -1.918650185207767223e+01 -3.202003491292011006e+01
1.409476278909326652e+01 2.235954641230252449e+01 -2.425644392416788264e+01
1.341605913603101286e+01 1.327851036020060604e+00 -9.101025668103090993e+00
1.701755117542144191e+01 -5.583846286036473483e-01 -1.589976835669908084e+01
1.130198371754232767e+01 6.310040087813643339e+00 -4.780984935201030517e+00
1.937971030015894414e+01 5.626771364638979378e+01 -3.656060472162376129e+01
3.004196013142920307e+01 6.052568781800650299e+01 -3.588918850969414365e+01
3.915191336987878401e+01 6.097453330833467788e+01 -3.660598443136332492e+01
4.657831341828541838e+01 5.938654905495509695e+01 -3.941725325731144380e+01
5.163178775165794576e+01 5.583798516915998533e+01 -4.350726587996751960e+01
5.540393303615680054e+01 4.269371301778346606e+01 -5.282730887838039990e+01
7.363789339231128395e+01 2.473960688405382413e+01 -8.163006832142808378e+01
5.058517576711140151e+01 3.221275154083818393e+01 -4.653648848359256363e+01
4.406400678142290417e+01 3.000950939216842883e+01 -4.245742360927350489e+01
3.541275088717593889e+01 3.000409115015442296e+01 -3.963851650043041275e+01
2.707850998441549351e+01 3.165815919603192796e+01 -3.822035755288054304e+01
2.067363131519066144e+01 3.415733358062475844e+01 -3.850044475779132824e+01
1.622337464487079117e+01 3.668693644029717404e+01 -3.809415792234288745e+01
7.339588790086739323e+01 2.474391923325512010e+01 -1.072700084469797304e+02
1.665856723556506225e+01 -2.516320886352643171e+00 -1.910693568966822653e+01
1.020426347044324444e+01 2.080232146926401882e+01 -1.457763168847454160e+01
9.515008980476938660e+00 1.123692108977919490e+00 -3.850781185176457733e+00
6.025660740641791691e+00 -2.263856375696903012e+00 -6.230541072141616787e+00
9.293273329292592422e+00 -2.099355882230871662e-02 -7.007103899419799831e+00
1.485148378387505730e+01 -4.605233537722111414e+00 -2.110458391276058165e+01
5.048272591362355399e+00 -2.964481823551903261e+00 -4.494388489217361560e+00
4.550258857221739284e+00 -4.354294978002863026e+00 -1.204491320670241983e+01
1.639242472421043573e+01 4.261884839262756941e+01 -4.182995415614682599e+01
1.267155680388560768e+01 4.088815237368066846e+01 -3.769166335972609971e+01
1.068909589902043855e+01 3.975005272608685658e+01 -3.334525518178870129e+01
4.718947026680423562e+01 4.578016315324663310e+01 -4.578543117197914114e+01
5.054289690447500050e+01 4.893182753969084331e+01 -4.618528545506562466e+01
