-1.723580668124498616e-01 -2.153784527815366090e+01 -1.726059465525973380e+01
0.000000000000000000e+00 0.000000000000000000e+00 0.000000000000000000e+00
-4.979463037497355860e-02 -6.521804590803513157e+00 -1.718615881036412318e+01
-5.501700390765185134e+00 2.356375319197569240e+01 -7.406969114313548097e+00
1.639078473542499026e-02 7.190886377795984608e+00 2.610039293541257521e+00
2.236489535475305601e-02 1.677001291564335972e+01 5.090092846349141276e-01
3.242373791470567479e-01 4.002382679111450869e+01 -1.578959344864608205e+01
-4.759904016514730074e+01 4.334472671539156607e+01 -4.115978067175753807e+01
3.793875256174366051e-01 5.931090541383883163e+01 -1.912485511979893715e+01
4.565405820469570219e-01 6.933080562841730909e+01 -1.707408222809645792e+01
6.791173262562635315e-01 1.041250412708283335e+02 -2.157694855637313225e+01
-1.823488592116969675e-01 -2.489849759413485231e+01 -1.830938039162482767e+01
-1.707801452894663896e-01 -2.738450426427353435e+01 -2.077117276065068197e+01
-1.192661725746666512e-01 -2.838704621683634954e+01 -2.382858387891112173e+01
5.739118245802199425e-03 -3.009781908355353508e+01 -2.464753922235640715e+01
2.036284620525219413e-02 -3.303724951828223766e+01 -2.384723349061470188e+01
-1.609998208233909267e-02 -3.677899606631236651e+01 -2.285916219441456221e+01
1.375090050169924805e-02 -4.060703107431282888e+01 -2.422712662233587366e+01
4.604364487399115191e-02 -4.647555188879012888e+01 -3.124894296638907676e+01
-7.851483185246807550e-02 -3.474940234385662574e+00 -3.533439956188550557e+00
-5.617634101226126830e+00 -2.761360255662430152e+00 -1.255192159003339825e+01
-7.195231987240654803e+01 7.236966980190109666e+01 -7.091100221075930676e+01
-2.845855362054742344e+01 3.669123790175752475e+01 -3.447971520288255931e+01
-3.509758129949218386e+01 3.623386523812226301e+01 -3.511314410412810361e+01
-4.145624858811924440e+01 3.673600614668892916e+01 -3.707195998979171492e+01
-5.009486950742115852e+01 4.095980800291679458e+01 -4.245933429350684918e+01
-2.289490823748461779e+01 3.840524639327365009e+01 -3.531262397799277863e+01
-3.712930835255405526e+01 5.467087637006775935e+01 -3.114649868684104561e+01
-3.015614734411839137e+01 5.395048948049991111e+01 -3.110399548023707439e+01
-4.366609789842232203e+01 5.388366531887515976e+01 -3.360153240790993578e+01
-4.813841802697992023e+01 5.166009712404468956e+01 -3.642670508555085718e+01
-5.560443960027073729e+01 3.650724686904171534e+01 -4.610752824673507888e+01
-2.368709522942325663e+01 -5.645273680413043138e+01 -3.957002614438000876e+01
-4.997364012261937205e+01 4.510852878415708034e+01 -4.327132380963639946e+01
-7.518811405677088544e+01 4.143548320541040653e+01 -7.557475826550701470e+01
-6.304389758664384402e+01 4.205216462689003976e+01 -5.260097843577172227e+01
-3.302121004850844344e+01 7.348333118923354945e+00 -3.039865464739509804e+01
-7.773046416553554216e+00 -2.049278377378493232e+01 -1.815305168529268087e+01
-6.627952563627548699e+00 -2.721558055115753305e+01 -2.170976305003220475e+01
-1.556044559835206620e+01 -2.253495549999108150e+01 -2.209306874249675445e+01
-2.046598248033274459e+01 -2.505832036408330055e+01 -2.677269399727250487e+01
-1.213938698844061825e+01 -2.757748986855214213e+01 -2.413957727337222181e+01
-1.643466003579101908e+01 -2.807302528958376797e+01 -2.846733245137420809e+01
-2.839054128369918928e+01 -3.503201144982136128e+01 -3.757354340334730125e+01
-5.251202544263670724e+00 2.329610552327042172e-01 -5.378199714517255536e-01
-6.183791570926650216e+00 7.131336344602063448e+00 1.845509216732950764e+00
-5.879518905441042165e+01 6.073999664717317160e+01 -3.847119917000698308e+01
-1.980114327094629800e+01 2.482636199320041825e+01 -2.839101511292120250e+01
-1.965991339278224004e+01 2.495305917333626056e+00 -1.655402917727261780e+01
-2.028644761156718346e+01 6.368676601463700848e+00 -1.832296899204441587e+01
-5.333566396270543919e+01 8.452451560963924138e+00 -3.882905937664376239e+01
-5.889644426901272212e+00 1.603024460330559720e+01 -1.559619869014391647e+00
-4.346135057018874193e+01 6.802709771184005660e+01 -2.668738788577073962e+01
-5.238942870196524382e+01 6.581580580555899473e+01 -3.214344216583010905e+01
-6.550726164462705015e+01 8.475679458020742629e+01 -5.688494417989476659e+01
-1.447563966326362284e+01 6.124184398977789101e+01 -2.097861996662375006e+01
-2.399912343877652887e+01 5.155762360580297354e+01 -3.310156384541552654e+01
-3.339917871512688663e+01 -2.871541140222177191e+01 -3.861528187949321023e+01
-6.667873223715523068e+01 -2.265968066009623882e+01 -9.827482167114227707e+01
-1.481221809076962259e+01 -1.352341691598423212e+00 -1.918275666112769429e+01
-9.582727788487902743e+00 -3.442817028632872756e+00 -1.898848876335753744e+01
-2.568221285855131342e+01 -2.878483112202000171e+01 -3.760128756252982640e+01
-2.275161541860992642e+01 -2.827861936510178253e+01 -3.571930348257867394e+01
-5.628377588841222945e+01 7.099126321280053276e+01 -3.491403218045349632e+01
-1.972434618934384787e+01 -3.706359639771820147e-01 -2.038983477123179000e+01
-3.125017524819620718e+01 6.712010119489006854e+01 -2.276328836182484139e+01
-3.250105487054486275e+01 7.319737438492627746e+01 -2.102041810019835921e+01
-3.875373959309310834e+01 1.007714184873328236e+02 -3.019317123438943895e+01
-6.093447103508975005e+01 7.798141034486452838e+01 -4.405361250039585741e+01
-3.489971794659059867e+01 8.715270589329055895e+01 -2.507710062803396767e+01
-6.303139675687981480e+01 6.427282830004288883e+01 -4.386295111449727813e+01
-6.762052258598217236e+01 6.785651888940280685e+01 -5.628660856242817090e+01
-7.341569300494741768e+00 -2.440143676461041622e+01 -1.911494111880004709e+01
-1.365878519926364199e+01 -2.563084331616968470e+01 -2.272359446837045027e+01
-1.844211660306034162e+01 -2.669723976801829579e+01 -2.707312690931565413e+01
-1.315091364605496516e+01 -2.551755420600199997e+00 -2.084589717261059860e+01
-2.411939620059916578e+01 -2.865135599355536655e+01 -3.661792811298218453e+01
-2.162870334734423494e+01 -2.994769735863748394e+01 -3.284780490446986079e+01
-2.217159221364605770e+01 -2.781533482421815862e+01 -3.553848904219059079e+01
-1.184679189235045449e+01 7.081291167702057354e-01 -9.993496591079505720e+00
-1.513499464208461731e+01 -2.761426609268795929e+01 -2.954256935341015122e+01
-1.078374393862152303e+01 -2.779723426360787997e+01 -2.678118940306811879e+01
-5.774167459009166947e+00 -2.813153791761496336e+01 -2.454424438404978304e+01
-8.241625654390231759e+00 -4.628506996829113973e+01 -3.150808316825716560e+01
-7.685985520660867820e+00 -3.994920704288338698e+01 -2.460662346959828994e+01
-7.365266705040564688e+00 -3.591981069039873375e+01 -2.345231279761264176e+01
-6.823436379967477095e+00 -3.229011150608118186e+01 -2.453887446094242364e+01
-6.214155845882421758e+00 -2.982289138067797651e+01 -2.542243617747304540e+01
-1.616211271366616131e+01 -2.893861950813112571e+01 -3.019186958327898296e+01
-1.711607626960975992e+01 -2.981492111681011181e+01 -2.924940058192265013e+01
-1.852144310898461299e+01 -3.165841620021879166e+01 -2.846173487165921401e+01
-1.977619203043294505e+01 -3.399693058930365197e+01 -2.973555875902884793e+01
-2.655265989558040118e+01 -1.738551609456843394e+01 -2.864292713236307719e+01
-7.458573555163968649e+01 1.175168487311912102e+01 -1.056822707829606998e+02
-4.189430343907538101e-02 -4.610227577272497435e+00 -1.237877325781032667e+01
-1.894715767660200001e+01 -2.867141220326783468e+01 -3.329945811034667003e+01
-2.014864498583039776e+01 -2.907153495084259731e+01 -3.271681489658565312e+01
-7.564238514892908327e+00 -6.426441159942027248e+00 -1.889933423622953512e+01
-1.750019147474688808e+01 -4.451147209181444353e+00 -2.551660415375849311e+01
-8.497884316169500352e+00 -5.027150073406918551e+00 -1.883077468362486329e+01
-2.674593574559853337e+01 2.088856307304635962e+01 -3.099358980705197553e+01
-3.781318568242430445e+01 1.632930873442168007e+01 -3.337794792482439732e+01
-2.123818011563377794e+01 3.442476535423969253e+00 -2.226001092099964040e+01
-5.510486097557760843e+01 9.444394787079924924e+01 -4.253058642171514947e+01
-5.069609302908686033e+01 8.482991100253209993e+01 -3.387094116047248349e+01
-4.597776226773472530e+01 7.410727139424275833e+01 -2.730688626527047447e+01
-2.325769983597566792e+01 -3.942120680950552014e+01 -3.486680154497280881e+01
-1.656377523082346315e+01 7.096567111630595548e+01 -1.775389179399730821e+01
-1.839194208409382369e+01 8.693342653344316773e+01 -2.004822497815381865e+01
-2.074137566164976221e+01 1.035626260629917255e+02 -2.313402423257322482e+01
-4.697807514917290206e+01 3.824907041516346595e+01 -3.994484030768646932e+01
-6.293548184924126332e+01 3.157179269121705190e+01 -5.010126208076061971e+01
-1.932205122047946588e+01 4.023257574842958206e+01 -3.604150155176602510e+01
-5.561820680698043162e+01 5.042596376322617857e+01 -4.238557889816406998e+01
-1.518382942124746116e+01 2.930924403625870767e+01 -2.577888705498592969e+01
-1.607606984059265898e+01 4.928492015677157667e+00 -9.964204187829901471e+00
-6.996147862897137770e+01 2.717075391498642745e+01 -5.791572066543236730e+01
-5.838870069110947014e+01 2.612248836286541120e+01 -4.433941219510423082e+01
-4.968453662291248918e+01 2.308874802688280070e+01 -3.829457303822895398e+01
-3.671491470601058182e+01 2.410649386673567562e+01 -3.542669445760865443e+01
-2.722224432779529124e+01 2.695017608998793435e+01 -3.367789674652216547e+01
-2.026997955047296784e+01 3.019909726206278222e+01 -3.177332180150338203e+01
-6.106533258563164424e+00 3.831003192135344193e+01 -1.836468407127419056e+01
-6.876331247473159181e+01 1.212189621304800191e+01 -5.700480461157797407e+01
-6.134080230946216972e+01 5.211003385894328233e+01 -4.550310901379044282e+01
-3.176417924655754010e+00 -3.122749624668232027e+00 -3.888707754997691168e+00
-1.889804188350329639e+01 1.769424498903279286e+01 -2.600116261494320469e+01
-7.675149409490899188e+01 4.289572932671427452e+01 -9.812430821356933563e+01
-1.513370024009583226e+01 3.394407515925395558e+01 -3.054189127042885588e+01
-2.189656753303222914e+01 3.194688857947509231e+00 -2.886356472538077256e+01
-5.210694977006019002e+01 4.506441076200193407e+01 -4.464180066556200899e+01
-1.650250667405294180e+01 9.600109133027460828e+00 -1.218433360270164378e+01
-7.183828472282412747e+01 -5.107398991922703857e+00 -1.038242866217589864e+02
-1.937294298364897571e+01 4.287689720046081732e+01 -3.739501278753070324e+01
-1.144107483957854399e+01 1.359212274705127577e+01 -5.621316007242510793e+00
-5.188186428267743366e+01 -4.058467019461308212e+01 -6.299352086245067994e+01
-5.140874156303409137e+01 -4.725873278629326535e+01 -7.596129832861025477e+01
-7.473831642866247194e+01 1.159297863946722629e+01 -8.123132218517946512e+01
-6.068414082503055340e+01 -3.115743920688239044e+01 -7.098356689495868466e+01
-7.159617040935144416e+01 5.563047490742726353e+01 -6.777320939159572788e+01
-2.483161892173871621e+01 -6.259755821950567878e+01 -4.414290758369367040e+01
-2.428052242295946517e+00 -4.320316135019917070e+00 -1.282774977592312915e+01
-2.478347828201228253e+01 1.268789383028005346e+01 -2.871193030985080341e+01
-6.888738485559558455e+01 4.100225527630449562e+01 -5.930666740390763891e+01
-4.091297082975751920e+01 4.095535244788656115e+01 -3.723450922927098361e+01
-3.518049216852575967e+01 4.020291099546633973e+01 -3.560131424956158952e+01
-2.325210382545519394e+01 -3.128466253693300203e+01 -3.402937819623362259e+01
-6.695468885903032685e+01 -1.760531099445541425e+00 -6.007437948315898524e+01
-1.312728630035940824e+01 -7.124527528540562571e+01 -4.686105375516729765e+01
-3.225228432033665626e+01 -6.202686525421312069e+01 -5.917598882450831610e+01
-4.090375725985442301e+01 -5.607858492115610716e+01 -6.636856856794575776e+01
5.667733613576908525e-01 8.647950616208288466e+01 -1.862816417423832860e+01
5.464434566924314396e-02 -7.262008317173598471e+01 -4.505488048566803627e+01
-2.962200859286773991e+01 4.048965608035395292e+01 -3.528406556695497898e+01
-2.438399081478823049e+01 4.154788137277269300e+01 -3.612703931389929579e+01
-2.098926948412053761e+01 4.225269679270927980e+01 -3.744211752856851660e+01
-6.633464787571635668e+01 5.392955379064846966e+01 -5.217011120790741074e+01
-2.494386090714305837e+01 4.683519604718626539e+01 -3.449059756998521209e+01
-3.068088727671612403e+01 4.830955546314292803e+01 -3.339457355302839403e+01
-3.642389323136218593e+01 4.869193056021381949e+01 -3.376449725458232365e+01
-4.221885542322489471e+01 4.800020172090530934e+01 -3.557487697802358895e+01
-4.595380661590249360e+01 4.673087565509858621e+01 -3.782168411050944457e+01
-7.555734757632393439e+01 5.917591699109330250e+01 -8.596256403474181695e+01
-4.484694296768039123e+01 4.211778857737101589e+01 -3.934159073404410378e+01
-8.341594810618493949e-02 -1.114627904881003673e+01 -1.883649812700417314e+01
-2.069160156148950591e+01 -1.375056251434678067e+01 -2.530957203736766914e+01
-1.504087035363349578e+01 -3.490490297172665901e-01 -1.670852487200848557e+01
-8.515536066525886127e+00 -1.175995027494128387e+01 -1.943083071399962947e+01
4.085864912940107008e-01 4.982706797861805370e+01 -1.989068445442218902e+01
-4.258823492710806136e+01 -4.927725999674061796e+01 -5.711343045816201425e+01
-3.395535683642263791e+01 -5.592235850969197486e+01 -5.106930493018040096e+01
-1.363677446507617574e+01 -6.758024288004664015e+01 -3.815267925465975907e+01
-5.967715404217921815e+01 -3.693662652773692656e+01 -8.797110191471838903e+01
-2.104473461312091231e+01 4.451615323575987304e+01 -3.618759994572058503e+01
-1.060054774821826307e+01 2.699413198843138062e+01 -1.687119192853916516e+01
8.535023771037208995e-02 -6.875048930885544962e+01 -3.659493741047248960e+01
-2.327118147617671440e+01 -6.735503950159255737e+01 -5.173276785626397611e+01
-7.217060246844141602e+01 -3.777020185657446127e+00 -8.122708296291217778e+01
-1.164711137203099511e+01 -2.929488759294633837e+01 -2.759429027954069369e+01
-1.266098952948573064e+01 -3.103190366842707704e+01 -2.649135590957338593e+01
-1.366149467567639597e+01 -3.385745463835670677e+01 -2.557033941224464257e+01
-1.441778353717429617e+01 -3.749551756852788031e+01 -2.671001407212975920e+01
-1.652919598017697922e+01 -4.337131765118801496e+01 -3.231058607007202710e+01
-2.021404561301289959e+01 -2.824975455337503405e+01 -3.227269191331475184e+01
-2.216847032585997113e+01 -2.779284396925218559e+01 -3.224077541583805839e+01
-2.410861407142509449e+01 -2.683600875886496340e+01 -3.210286517891567826e+01
-3.122094869563463959e+01 -2.258409491279915571e+01 -3.327407057466416518e+01
-5.805727504518232962e+01 -6.131838719727423559e+00 -4.674699392719175961e+01
-1.059252020317015486e+01 3.427367597475301153e+01 -2.254369928446206828e+01
-1.429220458165436369e+01 4.818835362409905088e+01 -3.238740557263509601e+01
-1.821743380654241662e+01 4.674398616096303982e+01 -3.493411968923727073e+01
-1.885971646735862350e+01 -2.732700556517856683e+01 -3.300333235820224331e+01
-5.790610664867489277e+01 -2.215300663543130355e+01 -5.758202083706525087e+01
-8.427498538793898319e+00 4.867496403308570763e+01 -2.421467448944670764e+01
-2.051691386927457472e+01 -4.994171883175819460e+01 -3.641284694226251872e+01
1.148889223378307123e-01 2.459692902406449733e+01 -5.102302390303817603e+00
-5.939459231248925164e+00 3.050357548053803569e+01 -1.220088385388560859e+01
2.005663416767844431e-01 3.193572442667325362e+01 -1.062049513608318740e+01
-1.499386103198727049e+01 1.592391876327237199e+01 -1.756995964177819403e+01
9.077836894269775136e-02 -6.245596017155505564e+01 -3.237779430679842108e+01
7.795838875659755196e-02 -5.413248711161460847e+01 -3.186420289543373485e+01
-1.057173883936270897e+01 -5.365595675922534724e+01 -3.312146092381434670e+01
-3.510070447002949834e+01 -3.773774539720129440e+01 -4.184171539957728925e+01
-2.760069394120209552e+01 -2.072822979416098832e+00 -3.078738609967071582e+01
-2.841516859796366745e+01 -4.474207931464024313e+01 -3.944034267075026889e+01
-4.359118245794427793e+01 -6.427705626269211159e-01 -3.354512456134202125e+01
-3.394215217702613074e+01 -8.650291358391683616e+00 -3.214183281024148897e+01
-4.876349957076406838e+01 -1.154285673199647810e+01 -3.916481470066414516e+01
-1.277509657441903457e+01 -6.156492092166669039e+01 -3.407465341540247294e+01
-1.858694283585075624e+01 1.207164045842843514e+01 -2.249105756201868545e+01
-4.067670825156221071e+01 -4.243395817048315166e+01 -4.877363701392332729e+01
-3.219346595650909393e+01 -4.980232187605282945e+01 -4.508100289069942335e+01
-4.050680704713774105e+01 -2.948584839405349101e+01 -4.199898927340029786e+01
-6.458887475831524227e+01 -1.341225260941583386e+01 -6.314107349516422119e+01
-4.901783890953775114e+01 -3.001578773924364540e+01 -4.886988662506377068e+01
-6.810198446220530855e+01 -1.799262100974973322e+01 -7.927452538563413498e+01
-3.877470604886787697e+01 -1.749179856520570908e+01 -3.555475917647149231e+01
-1.468749324693295222e+01 2.247411095162928163e+01 -2.173435180760841590e+01
-1.389225715496164781e+01 1.789971471063705355e+00 -8.629441745946575537e+00
-1.766186945399639541e+01 1.994720474022380063e-01 -1.595816525040687672e+01
-1.146183451153440025e+01 6.361123670231631166e+00 -3.880135630811064384e+00
-1.980056437330492969e+01 5.458907712814406210e+01 -2.990000036120978422e+01
-3.042309116257137092e+01 5.866264347370405119e+01 -2.880692031340651837e+01
-3.953040865907222923e+01 5.958320005903890859e+01 -2.950164308365742727e+01
-4.718592169278412030e+01 5.871231184752139853e+01 -3.244769707638695877e+01
-5.261691703197798375e+01 5.587171368042108810e+01 -3.677275423908956498e+01
-5.685937328787065326e+01 4.366914384169007235e+01 -4.752962329389403351e+01
-7.595437751707707719e+01 2.660768272231954512e+01 -7.871733749935798130e+01
-5.196452536874704720e+01 3.320091652000622418e+01 -4.284193675861341433e+01
-4.508782854922991135e+01 3.085109863571886635e+01 -3.894736594005956931e+01
-3.615069289626420357e+01 3.070465407714568329e+01 -3.626805827198299426e+01
-2.771443619816375303e+01 3.223920206399947830e+01 -3.469568989443284579e+01
-2.121642818655999108e+01 3.456116659707721084e+01 -3.451635260168659158e+01
-1.679839954839907534e+01 3.687959247828288767e+01 -3.384712007763304342e+01
-7.579316294697052570e+01 2.748656473276665935e+01 -1.040902066771445362e+02
-1.733502154323086586e+01 -1.487070842653731129e+00 -1.935928698309637497e+01
-1.057632154154407722e+01 2.047996169760272167e+01 -1.216010695152434629e+01
-9.616019988587549250e+00 1.319013062473397113e+00 -3.630775165118486303e+00
-6.125467366206470921e+00 -1.858521754807256343e+00 -6.508303667539533599e+00
-9.551614021894133444e+00 3.515853137406810269e-01 -6.872413301825692322e+00
-1.551094667166729302e+01 -3.488429299968551334e+00 -2.173625036687614909e+01
-5.067946758389781259e+00 -2.570363790211719124e+00 -4.823861803312713192e+00
-4.321992136468860046e+00 -3.841484177075709550e+00 -1.269348634224693129e+01
-1.702067505311878648e+01 4.245343145713890465e+01 -3.652453854787081866e+01
-1.328915189487815596e+01 4.078333516512508794e+01 -3.272817854487457367e+01
-1.120495539364130089e+01 3.946780139937351350e+01 -2.842622887875455717e+01
-4.822070324750721682e+01 4.578580773155053407e+01 -4.019336592949530029e+01
-5.165191503871331946e+01 4.922711863926910070e+01 -4.051455821244312006e+01
5.708513206473085688e+00 2.354624610624664882e+01 -7.410991452005334601e+00
4.771089038044482322e+01 4.335449504855073144e+01 -4.116916315170919205e+01
5.457734382601787892e+00 -2.860521449257711346e+00 -1.258212010550995430e+01
7.306338005821920945e+01 7.247521999047756935e+01 -7.098395354078819253e+01
2.857597611523068792e+01 3.669713229947622324e+01 -3.452628991301955352e+01
3.519465089042655848e+01 3.628529835137066328e+01 -3.517923209209400426e+01
4.152787919085960056e+01 3.677806695567439021e+01 -3.707946287578389644e+01
5.012616601451664877e+01 4.099555533961274989e+01 -4.248716061723627035e+01
2.306107540647941789e+01 3.840993189303042499e+01 -3.531656998376968204e+01
3.749753033385428580e+01 5.462065212571865658e+01 -3.114815445921098203e+01
3.042834886111029391e+01 5.395714507075071964e+01 -3.110910761317799000e+01
4.405567274902894326e+01 5.378747980562504694e+01 -3.361035040960124576e+01
4.839544961084892094e+01 5.153800492828595736e+01 -3.642982381673107994e+01
5.568068388725698270e+01 3.659121148217852237e+01 -4.604120204053201348e+01
2.383948794421599615e+01 -5.649160298924062573e+01 -3.960676275375935518e+01
5.005387041506803314e+01 4.510852878415708034e+01 -4.327132380963639946e+01
7.549705036095325283e+01 4.175839839226637906e+01 -7.556748470309868537e+01
6.327351141027854453e+01 4.219389291009782283e+01 -5.252073270505127311e+01
3.291089616648709892e+01 7.304747210665342827e+00 -3.033902939378977592e+01
7.420203524464698219e+00 -2.053451948931613913e+01 -1.812797923371820019e+01
6.279556419534091383e+00 -2.726864222720565678e+01 -2.165386361372183543e+01
1.523833004936112445e+01 -2.270035129623377301e+01 -2.203970657049297444e+01
2.025595151850909303e+01 -2.524175559320704565e+01 -2.677512585980744930e+01
1.180422792982714597e+01 -2.770303941420178617e+01 -2.409901521168047012e+01
1.622893098070974105e+01 -2.822588230560667455e+01 -2.842155308900173338e+01
2.853911067406143687e+01 -3.521113498355769167e+01 -3.758772960238358252e+01
5.244234714746566439e+00 2.152917361059381030e-01 -5.664188850536630015e-01
6.159932086424447562e+00 7.124701919287851126e+00 1.865633850710522346e+00
5.941729608967082754e+01 6.070944374706940039e+01 -3.840626861931336578e+01
1.997172195201898504e+01 2.475581860821015212e+01 -2.840881381311852039e+01
1.956053359276199544e+01 2.345400142305850366e+00 -1.662239447250450297e+01
2.018520187764382356e+01 6.216408579888668129e+00 -1.837473491077475174e+01
5.314266541309298475e+01 8.535199219445416929e+00 -3.872071742706420139e+01
5.966455181467061664e+00 1.601097061891328721e+01 -1.588780710120574424e+00
4.422146431002128253e+01 6.799229696140186263e+01 -2.666111486064063030e+01
5.314247292159419089e+01 6.573267552040168482e+01 -3.212810917949228440e+01
6.682155687143558964e+01 8.480372030584638310e+01 -5.693660477664971609e+01
1.508172359377366689e+01 6.123344729148429622e+01 -2.096884293860473747e+01
2.433108097093200328e+01 5.154368840250097605e+01 -3.311443979356410239e+01
3.348233758306707131e+01 -2.885410593470973595e+01 -3.873363977483113985e+01
6.630757625229908570e+01 -2.235808505954042147e+01 -9.840320557075638419e+01
1.471352705315711518e+01 -1.566310185586501813e+00 -1.925787864149052098e+01
9.455882484737731630e+00 -3.652701361329333096e+00 -1.898882331548359659e+01
2.590906224480845310e+01 -2.901126062427892194e+01 -3.775337248184057160e+01
2.285489753620467468e+01 -2.847741785401109382e+01 -3.575935599049952884e+01
5.720591234858670049e+01 7.090122302543370836e+01 -3.485177261397341653e+01
1.956386170633402344e+01 -5.758095979674185960e-01 -2.041611956176814147e+01
3.188866417648926799e+01 6.711282609435913571e+01 -2.274265792143837217e+01
3.320318617361765234e+01 7.319344053646803161e+01 -2.098320471141558485e+01
3.988192293095550411e+01 1.007133163363563426e+02 -3.017536817256390336e+01
6.203670476731247163e+01 7.794235845125002982e+01 -4.409381394953689437e+01
3.588944268711332342e+01 8.714613580564120809e+01 -2.503247114932418427e+01
6.376399112516218537e+01 6.426986972638329121e+01 -4.383724263580203484e+01
6.856471282501416908e+01 6.791853132725336195e+01 -5.628263098847710921e+01
6.968172541377524176e+00 -2.449453830012580369e+01 -1.911018047818202348e+01
1.334977963223639108e+01 -2.581499364333450686e+01 -2.269437156789311771e+01
1.827050748223586751e+01 -2.685958747525888768e+01 -2.701137425959495530e+01
1.302779928763636619e+01 -2.774387930040349559e+00 -2.084771972278602092e+01
2.425925590244749586e+01 -2.885367922520116934e+01 -3.666517324926504529e+01
2.177750244428321480e+01 -3.013005219881551611e+01 -3.281801179551290915e+01
2.218327718155828876e+01 -2.803632765957668838e+01 -3.561825141187582489e+01
1.171345057808955303e+01 5.847465968411820203e-01 -1.006543223017565580e+01
1.491085873940012263e+01 -2.772154635595439842e+01 -2.952008385800145263e+01
1.049498806189054534e+01 -2.793610591665201426e+01 -2.676046247807112266e+01
5.445672131963006812e+00 -2.819226543764600379e+01 -2.454026343258553311e+01
8.322448267508141484e+00 -4.632948616145022669e+01 -3.144823471198064624e+01
7.736863561405155743e+00 -4.009054126074144619e+01 -2.453907699402439135e+01
7.367992162000691181e+00 -3.603062813090848948e+01 -2.336177194455508399e+01
6.838860140303783197e+00 -3.241137268820333617e+01 -2.448348915505412648e+01
6.260021587960550526e+00 -2.994252720146082680e+01 -2.538530721091256481e+01
1.628060083041512840e+01 -2.908240773127177192e+01 -3.013588717989046373e+01
1.720500366649344670e+01 -2.997940331463102481e+01 -2.915174206360076070e+01
1.858894396778636704e+01 -3.184330630913643390e+01 -2.829994010717373243e+01
1.986888074583395181e+01 -3.421602209829040930e+01 -2.966323656342457937e+01
2.637011800959967900e+01 -1.753277840169208446e+01 -2.866518743770769717e+01
7.454892513278889510e+01 1.210960810605221916e+01 -1.058225528517346703e+02
1.904820209182104307e+01 -2.882225108929588231e+01 -3.333345465237556482e+01
2.027693138153415831e+01 -2.926080349358749544e+01 -3.269503144837622699e+01
7.448061338374007967e+00 -6.586147536634549660e+00 -1.892042514624204586e+01
1.736079584687904287e+01 -4.651303479510944250e+00 -2.544719426106670568e+01
8.383120134271509372e+00 -5.191204788167743445e+00 -1.882213451925028025e+01
2.685484192942191584e+01 2.084942281887052218e+01 -3.097651709955558630e+01
3.781389081069576008e+01 1.630350733963392429e+01 -3.334690584767361798e+01
2.109652136474521811e+01 3.287812817770687790e+00 -2.223668542164411122e+01
5.633345187404423626e+01 9.446857492349467122e+01 -4.249714520861257228e+01
5.179547065609897061e+01 8.481411869556515626e+01 -3.386657722105213963e+01
4.687064207126280024e+01 7.407308136157520551e+01 -2.725253941201034991e+01
2.337825181445314371e+01 -3.954813343076116894e+01 -3.482495728928790868e+01
1.727991035841121814e+01 7.091179087930821368e+01 -1.779070204390105303e+01
1.934360441192692548e+01 8.689885093933000348e+01 -2.005004658560639896e+01
2.193076119405341018e+01 1.035356349512286300e+02 -2.313251227583132419e+01
4.702376088819591615e+01 3.831605644708848502e+01 -3.992170142516389575e+01
6.296136985911207518e+01 3.173213958811381730e+01 -4.999671463691794315e+01
1.953704711911088765e+01 4.021278357938492576e+01 -3.610737892113214542e+01
5.592466414710450096e+01 5.037756533470025744e+01 -4.233667409053079922e+01
1.545425043022653355e+01 2.924658429197306120e+01 -2.579861333303639270e+01
1.597629962611078369e+01 4.794094858239076551e+00 -9.990265750294250680e+00
6.988583297140955608e+01 2.737592325136222371e+01 -5.786128579631915869e+01
5.831112477206155376e+01 2.627545771753790049e+01 -4.430664191250934181e+01
4.964963573586646106e+01 2.319620491482172042e+01 -3.820302769122063324e+01
3.679243830577824070e+01 2.412573512089207384e+01 -3.536720869467730211e+01
2.739373034417634045e+01 2.694536285271095721e+01 -3.368074810116759465e+01
2.048498650908337382e+01 3.015032144183032514e+01 -3.176982396567117917e+01
6.703831758229259030e+00 3.828618742565859634e+01 -1.838216831251472883e+01
6.844011036273336401e+01 1.230070159424882092e+01 -5.698016487295110721e+01
6.174370044365213062e+01 5.213767172420424600e+01 -4.548938376992531119e+01
3.039894116429698645e+00 -3.152721836307462056e+00 -3.942091640355108950e+00
1.897405221315233348e+01 1.761673017008153153e+01 -2.599870430809544430e+01
7.728554665782858990e+01 4.322206825119417317e+01 -9.817330094416614372e+01
1.545750197054820596e+01 3.388397819750937856e+01 -3.055575733393414950e+01
2.182689057424533630e+01 3.067606819524642869e+00 -2.878324572402323511e+01
5.223451159607309791e+01 4.507397114727270093e+01 -4.465472712341079387e+01
1.642514983220868530e+01 9.509149642091738741e+00 -1.219212340778966386e+01
7.160836778825523652e+01 -4.785452336720554811e+00 -1.040130995839741814e+02
1.957731034659558489e+01 4.287243287593699392e+01 -3.745089996227079610e+01
1.145347689785852907e+01 1.354716923392703443e+01 -5.666281061500698435e+00
5.161601312881891346e+01 -4.041746844982559139e+01 -6.303142946187698215e+01
5.110108953356427008e+01 -4.702605067518073412e+01 -7.600615021499281454e+01
7.451719510344740627e+01 1.189590764775171117e+01 -8.127051121228956276e+01
6.021597570971308500e+01 -3.092035557991338734e+01 -7.110051844487253447e+01
7.227311228012621314e+01 5.582739672669518427e+01 -6.774431621216152166e+01
2.498411011668742177e+01 -6.260656574697179622e+01 -4.425014994601406926e+01
2.355641480233849894e+00 -4.362516108791409053e+00 -1.279778784493863242e+01
2.474472794174395318e+01 1.258485425255404344e+01 -2.874223851033836041e+01
6.908923538008842513e+01 4.124154280438278874e+01 -5.923782486904433853e+01
4.105379635445528663e+01 4.099929331670615085e+01 -3.726015670174115968e+01
3.532056963597097621e+01 4.022997974242183261e+01 -3.565030750412091010e+01
2.342703753005101674e+01 -3.149501357209657826e+01 -3.404248294385683948e+01
6.651861541333965988e+01 -1.584224156444111298e+00 -6.005113799732554725e+01
1.321228873255856051e+01 -7.124773000895437747e+01 -4.690838452909351730e+01
3.225395251460235357e+01 -6.202124771557609506e+01 -5.925507831737456854e+01
4.080654775855091287e+01 -5.598207498341196242e+01 -6.650441954020443802e+01
2.973770405694057573e+01 4.050917499036894043e+01 -3.531954201724430931e+01
2.454750472347115675e+01 4.158216274506521870e+01 -3.617619833338216750e+01
2.122562000384396796e+01 4.226142797142306051e+01 -3.750293965777483862e+01
6.677774633846526342e+01 5.406609889942480152e+01 -5.212032624206901943e+01
2.516760486633683769e+01 4.680146598315289452e+01 -3.453401256447975953e+01
3.086798796020419644e+01 4.828106326780787327e+01 -3.338386378506859842e+01
3.655822677753409522e+01 4.863349863488060976e+01 -3.383318617505192094e+01
4.231613288865336386e+01 4.789668665916504153e+01 -3.556575955805784162e+01
4.601717797464498716e+01 4.665121031261813300e+01 -3.779034768845363601e+01
7.640262783813592762e+01 5.940548953294577927e+01 -8.600584011630988357e+01
4.496762575395398187e+01 4.217710615253870543e+01 -3.934114154229295934e+01
2.046507811484879014e+01 -1.389135299684009439e+01 -2.530842185459914617e+01
1.493999399020224494e+01 -5.227925847613166255e-01 -1.672203167517940514e+01
8.331186668597830192e+00 -1.184324577575427462e+01 -1.942836455848124899e+01
4.247668280974932742e+01 -4.924062315054754180e+01 -5.715835257484027210e+01
3.395984521392503552e+01 -5.591867261518380872e+01 -5.110366759806515802e+01
1.375422799408748809e+01 -6.760027111902022057e+01 -3.817036433973986931e+01
5.924747270622779638e+01 -3.663730184491620179e+01 -8.806362982624912661e+01
2.128024314274072992e+01 4.450706543391899572e+01 -3.626445904711908241e+01
1.086219994385711907e+01 2.693744348920788312e+01 -1.687763609840540724e+01
2.338948086779944191e+01 -6.732883057468808374e+01 -5.178829287189412156e+01
7.169344285258135585e+01 -3.470849629338943476e+00 -8.131231469678569113e+01
1.172824961146577039e+01 -2.943979796656693537e+01 -2.747564335023862725e+01
1.271426971781312432e+01 -3.118960481217456859e+01 -2.637572012541512123e+01
1.367671581022419680e+01 -3.401431668024559940e+01 -2.545329006439003905e+01
1.451280325721583786e+01 -3.765381869967428941e+01 -2.663886369453172875e+01
1.666371341668487815e+01 -4.350513234726777512e+01 -3.225356009294966952e+01
2.015326595763774620e+01 -2.843003942509306015e+01 -3.236556706882465306e+01
2.214817308819320019e+01 -2.801208810006938066e+01 -3.229817334770044823e+01
2.408226385650554846e+01 -2.705943586149150448e+01 -3.217690868430398865e+01
3.112557121530505810e+01 -2.268221009051621806e+01 -3.336031005278207573e+01
5.760734022628768969e+01 -6.009971812879608244e+00 -4.668714067749498753e+01
1.103888850314356596e+01 3.422140187792297894e+01 -2.255324161819398654e+01
1.474226020256641512e+01 4.814040539228871296e+01 -3.240163617071673485e+01
1.854566277371093008e+01 4.673392776189363218e+01 -3.497067949178551771e+01
1.872949566852660652e+01 -2.749105387489325025e+01 -3.300044829468568253e+01
5.748437221429349364e+01 -2.198222796372466092e+01 -5.759595253467587384e+01
9.072485196319412637e+00 4.862057305531853046e+01 -2.416293468310589532e+01
2.061882048156149239e+01 -5.003852395137420928e+01 -3.639827512432573542e+01
6.305940747101647759e+00 3.043838707553097933e+01 -1.219891094573139156e+01
1.501203559833493273e+01 1.585322673284920469e+01 -1.754492779725014273e+01
1.072463407757481590e+01 -5.373700238190314593e+01 -3.307668995452978322e+01
3.509783250564588997e+01 -3.778252090223454474e+01 -4.187376004928403006e+01
2.744790005134535704e+01 -2.179307966921570916e+00 -3.069298942955660436e+01
2.848973003499286349e+01 -4.485244956586524268e+01 -3.939741180229653850e+01
4.332555393526838117e+01 -6.617434591280134670e-01 -3.343246833768402126e+01
3.373149278392191519e+01 -8.745734728154062054e+00 -3.210517893234282383e+01
4.843932191754828409e+01 -1.153917433038277096e+01 -3.906033521820182131e+01
1.294984193434186182e+01 -6.158655798970882955e+01 -3.413760747244535310e+01
1.859170580899003156e+01 1.196851103207322531e+01 -2.250362079793062975e+01
4.063229136011725018e+01 -4.241861457629575227e+01 -4.876660974774527801e+01
3.230970185453111299e+01 -4.982261486464423683e+01 -4.509589999276530392e+01
4.046593182778642728e+01 -2.948271654448268464e+01 -4.202682846367380165e+01
6.408835521359664256e+01 -1.323920573475407458e+01 -6.316401047290568727e+01
4.873197699814689088e+01 -2.995382860513205969e+01 -4.886522201647839125e+01
6.761502710755371481e+01 -1.766168045228421590e+01 -7.936583718304761703e+01
3.861282876791963758e+01 -1.751013802705366018e+01 -3.556027015546809622e+01
1.486023750066689253e+01 2.238189372104494268e+01 -2.178932892482601602e+01
1.376644313572423428e+01 1.661708334853958080e+00 -8.677643352569429425e+00
1.753814806686460059e+01 1.345790666926749424e-03 -1.595887222159942986e+01
1.144514631471789912e+01 6.293775118224497866e+00 -3.932815704072693208e+00
2.019090549793359202e+01 5.459835115385369875e+01 -2.992649511223052272e+01
3.087523967186238494e+01 5.864737946015316084e+01 -2.884730419801925905e+01
4.006574321731375932e+01 5.951751581500833765e+01 -2.951577157760551273e+01
4.773314126389725942e+01 5.856096737637919603e+01 -3.246068443120765323e+01
5.305666923422493397e+01 5.573078299165833727e+01 -3.677108415756107718e+01
5.703725862411825176e+01 4.374283050230469172e+01 -4.745008483964374335e+01
7.601047678895270110e+01 2.690838982540543256e+01 -7.877798693218625203e+01
5.197880003429579432e+01 3.331640523431681089e+01 -4.271468475316275004e+01
4.516895162881790782e+01 3.090507710311694112e+01 -3.889905639640376478e+01
3.625453073176927177e+01 3.072696117801624638e+01 -3.620478006322775144e+01
2.784284971489358540e+01 3.225481457812630737e+01 -3.466209168662874873e+01
2.143533358500968333e+01 3.453731091527232167e+01 -3.452048325532020812e+01
1.708721763408548711e+01 3.683676269554729998e+01 -3.382030868517031763e+01
7.604384234528704667e+01 2.784576428980470197e+01 -1.042605612969175013e+02
1.720183883738650721e+01 -1.719915102396758932e+00 -1.935268302740315249e+01
1.073243459138872424e+01 2.044131998716335374e+01 -1.213876573980153317e+01
9.555854432590164649e+00 1.254558916829946691e+00 -3.633752994105682976e+00
5.930981029832941509e+00 -1.920386089950504083e+00 -6.529564944497237455e+00
9.397372463729158909e+00 2.642502890264677440e-01 -6.893808511549248230e+00
1.534865338514378585e+01 -3.733567184654007498e+00 -2.167151201977085506e+01
4.951433334745457771e+00 -2.632764629493681507e+00 -4.827397205123494572e+00
4.232557633142792319e+00 -3.905184949386097504e+00 -1.272252997697069787e+01
1.730704156012773609e+01 4.242814981248731954e+01 -3.652643435417903106e+01
1.367112122830421406e+01 4.074089031479866208e+01 -3.270474098702975851e+01
1.165765886294963494e+01 3.943965964637982324e+01 -2.844346551201762452e+01
4.829218066981503199e+01 4.575620025674416524e+01 -4.018989459769554884e+01
5.183640789096850909e+01 4.914975709767720957e+01 -4.048937182162043058e+01
