2.409113191056188041e-01 -2.210082285246872758e+01 -1.359281405001344289e+01
0.000000000000000000e+00 0.000000000000000000e+00 0.000000000000000000e+00
1.623646923222596961e-01 -7.664671897996669259e+00 -1.585566961231518590e+01
-5.665338617685558020e+00 2.372455456803365337e+01 -1.015845543513356652e+01
-1.072186287748803091e-01 7.580883805373221485e+00 1.862352171987210037e+00
-2.406221318500678663e-01 1.723886884748796788e+01 -1.367578249740920127e+00
-1.380381842179267959e-01 3.993162679928803271e+01 -2.089059320028069777e+01
-4.855089768353995083e+01 4.052780121981078310e+01 -4.621825614129234339e+01
-1.557443999148464542e-01 5.994131704367745783e+01 -2.663911105361175657e+01
-1.391240024106465967e-01 7.032787040009924340e+01 -2.592983829446589539e+01
1.151627562349282208e-01 1.023955743181028737e+02 -3.539776281360217070e+01
2.334412411958870504e-01 -2.549166437779392425e+01 -1.416440517073765548e+01
2.478870564659163556e-01 -2.820438212670879352e+01 -1.634680160140454319e+01
2.649109192881843322e-01 -2.952545892492537405e+01 -1.918440634186279325e+01
4.551587615642845863e-01 -3.122998248358849693e+01 -1.898660286632984295e+01
5.293994689668763964e-01 -3.401431234815053983e+01 -1.785208786130259284e+01
5.298003710027335833e-01 -3.769217960266522027e+01 -1.645784521856518978e+01
5.159284953583117561e-01 -4.149230768677744408e+01 -1.741370128150346019e+01
4.508342784416190518e-01 -4.786929324399162056e+01 -2.382658692759603980e+01
-1.587064531350729224e-02 -3.976211203156872376e+00 -3.137366742850083323e+00
-5.088108238777277137e+00 -3.806878499222524415e+00 -1.189304830992487894e+01
-7.218943141161352628e+01 6.719951423459514217e+01 -8.056068787799682696e+01
-2.954563662156227011e+01 3.368382972385764162e+01 -3.857427010060283123e+01
-3.625286841038227692e+01 3.313585428500166330e+01 -3.923370279984063558e+01
-4.248641014509855296e+01 3.365883855506629629e+01 -4.127211027336302607e+01
-5.084095424600882041e+01 3.780320164098626634e+01 -4.719529536158549377e+01
-2.379884463436012965e+01 3.570778267149889729e+01 -3.975246458953423456e+01
-3.758886436691599187e+01 5.369271886717745446e+01 -3.733664723862715107e+01
-3.061332519410007080e+01 5.290637138584973798e+01 -3.735965568347874211e+01
-4.424376399869765208e+01 5.265725752963830075e+01 -3.968393356725712096e+01
-4.883709964048848917e+01 4.992722886796259019e+01 -4.233389638210997674e+01
-5.605846213326471172e+01 3.297948569031695598e+01 -5.048573429098140508e+01
-2.310128174732164652e+01 -5.946820977740105718e+01 -3.008076487459147685e+01
-5.069351490264584470e+01 4.247294998317715198e+01 -4.867236796381735786e+01
-7.522674662910509369e+01 3.591177488794507155e+01 -8.046135026580935801e+01
-6.325607257824428586e+01 3.833075238759972336e+01 -5.776010228838881488e+01
-3.235111476850022427e+01 4.714559210930865163e+00 -3.050476467600833885e+01
-6.923528070421815173e+00 -2.134531913304288153e+01 -1.457209284788179993e+01
-5.710019854284355212e+00 -2.834324786528759077e+01 -1.720853947667039918e+01
-1.417418688398457682e+01 -2.428033971262773960e+01 -1.803516603970988541e+01
-1.881881923847971549e+01 -2.763985680542428014e+01 -2.194516943689343336e+01
-1.082445126455723639e+01 -2.928441622732989202e+01 -1.933107984736316354e+01
-1.485991605868608190e+01 -3.044895170797711259e+01 -2.313364600320735320e+01
-2.666577402073327718e+01 -3.862467460091809812e+01 -3.040159710858202757e+01
-5.186831617705312425e+00 2.294446586034473712e-02 -5.820404296039874970e-01
-6.157807285002774300e+00 7.329310030265959064e+00 1.027642991656150029e+00
-5.951607560537254216e+01 5.919947090195553585e+01 -4.625442669871777213e+01
-1.971190370078097231e+01 2.271442528011326800e+01 -3.091060260859351416e+01
-1.877971492666780051e+01 7.869612995194360527e-01 -1.653179304669224337e+01
-1.946424979913368247e+01 4.597244221925367746e+00 -1.860818373409239612e+01
-5.284459631162646787e+01 4.862330614151726849e+00 -3.928472110344661417e+01
-5.974018815506573432e+00 1.627993031887948305e+01 -3.372075796836433881e+00
-4.422341098269850335e+01 6.857739204558093604e+01 -3.544489339903401515e+01
-5.319965569658968718e+01 6.543430394333185518e+01 -4.076338123518227974e+01
-6.581486293777167873e+01 8.089881168934162758e+01 -6.824251669210238447e+01
-1.502570561560525242e+01 6.223299306924147345e+01 -2.888623392651992816e+01
-2.445592354124925194e+01 5.021106012351973646e+01 -3.901930067989622586e+01
-3.151647698094804895e+01 -3.249521896742511728e+01 -3.239132125191348877e+01
-6.635653683506983214e+01 -3.046576606218532035e+01 -9.275598740283906807e+01
-1.386624373046498526e+01 -3.126119952029652982e+00 -1.866973615177842305e+01
-8.726951111350880197e+00 -4.960839540520922242e+00 -1.816261903033017333e+01
-2.342034983238179535e+01 -3.232976180771530039e+01 -3.113265044203496501e+01
-2.068596177176949169e+01 -3.163665386117596867e+01 -2.930763135359424609e+01
-5.712416060927908745e+01 7.033991428652943512e+01 -4.413565002628928369e+01
-1.870512881977943564e+01 -2.485139543712826971e+00 -1.992440795148776544e+01
-3.193039061147073454e+01 6.819055614377086272e+01 -3.122553131243426705e+01
-3.313865035996619213e+01 7.435897266080247903e+01 -3.029314199403066254e+01
-3.881229642555888404e+01 9.879724842181181543e+01 -4.345955109167552166e+01
-6.157191032668129793e+01 7.566166670103477543e+01 -5.424092229712048407e+01
-3.527006130702835662e+01 8.670316100811383819e+01 -3.631694249307573585e+01
-6.362866650160712823e+01 6.221110348969709491e+01 -5.223290184300009287e+01
-6.802668017300980807e+01 6.421229278306329036e+01 -6.523738224294024235e+01
-6.470456246582821258e+00 -2.533209991208981648e+01 -1.502498443916125126e+01
-1.230459941517089462e+01 -2.732493900183817104e+01 -1.823966534275230700e+01
-1.681443104870110616e+01 -2.914464881679861108e+01 -2.193375930249000660e+01
-1.213784479277204120e+01 -4.334406355851291082e+00 -2.025654864993458659e+01
-2.191786722476260962e+01 -3.212410579768456387e+01 -3.022753889211420741e+01
-1.979973900968564138e+01 -3.279979156318559319e+01 -2.608725371225819600e+01
-2.021471051012126452e+01 -3.118954395014424463e+01 -2.915296932917497941e+01
-1.117553437299242525e+01 -4.275554256245331364e-01 -1.003103341799802450e+01
-1.365421486682123309e+01 -3.005543389011294408e+01 -2.414690393906479571e+01
-9.584465316525445644e+00 -2.966353088432612495e+01 -2.175206091900708572e+01
-4.923245131604386593e+00 -2.951717781035234367e+01 -1.977697808026113435e+01
-7.472034776319778082e+00 -4.798939195520733136e+01 -2.400931491792070815e+01
-6.769968706825656213e+00 -4.115955780478248727e+01 -1.773916911456981182e+01
-6.421559088406330496e+00 -3.701384223957164465e+01 -1.703938021627618227e+01
-5.928794377357003320e+00 -3.355369629702477141e+01 -1.850478113442430939e+01
-5.425635765272232902e+00 -3.121192055833066803e+01 -1.967452853843441929e+01
-1.479732596307187720e+01 -3.128340980883225342e+01 -2.412247131007033474e+01
-1.572062292393354710e+01 -3.208908274200430100e+01 -2.292963023192151439e+01
-1.701709447133371356e+01 -3.389710334049483009e+01 -2.167704137946604703e+01
-1.823719776569507545e+01 -3.631578498297747615e+01 -2.270023236341958395e+01
-2.505980122509096120e+01 -2.015115774564656093e+01 -2.488062542921685250e+01
-7.433596818899420100e+01 4.002579412262038616e+00 -1.055031011976546864e+02
1.400694271334137486e-01 -5.491863445549325817e+00 -1.148974461696666260e+01
-1.738990734655784109e+01 -3.148142613586325567e+01 -2.690684580167830475e+01
-1.844116449661732560e+01 -3.184639106011535503e+01 -2.616841698402681260e+01
-6.822296206956092846e+00 -7.887400682872419466e+00 -1.750830115759847772e+01
-1.627940206478860574e+01 -6.727947670446656758e+00 -2.444285918601886820e+01
-7.700434899947422807e+00 -6.490825172072450577e+00 -1.778298910228674501e+01
-2.666677991713843454e+01 1.826997116652902164e+01 -3.290585203751234644e+01
-3.760908371137380612e+01 1.341498464750617181e+01 -3.491521714828408562e+01
-2.031499128821550570e+01 1.316225836925513093e+00 -2.214877629870191100e+01
-5.533767327034841088e+01 9.166151689391168134e+01 -5.502649097038512593e+01
-5.138182794366755246e+01 8.356385685087333570e+01 -4.477085275098207973e+01
-4.677927085156120057e+01 7.449064383224364860e+01 -3.678288626381389292e+01
-2.194939280179527330e+01 -4.236196895256476580e+01 -2.727140508111446948e+01
-1.710096219058273093e+01 7.235844519639162797e+01 -2.683279833920322588e+01
-1.867105056321058143e+01 8.652030404616539272e+01 -3.129601588890506747e+01
-2.086990240177215128e+01 1.017929855418222047e+02 -3.670652145115032283e+01
-4.780805102570197107e+01 3.510166764227758307e+01 -4.443049609362444841e+01
-6.308479241185195008e+01 2.754372301249635768e+01 -5.376677007342067327e+01
-2.004608719744939549e+01 3.783482482675707104e+01 -4.067591331956985812e+01
-5.623038833491507660e+01 4.791979813934875665e+01 -4.849305732581611750e+01
-1.517920089867564215e+01 2.775630361556517656e+01 -2.892062905078553214e+01
-1.546286731027105077e+01 3.855644528451636965e+00 -1.037019062784250600e+01
-6.996360690921211756e+01 2.245066686810265111e+01 -6.075020277390277101e+01
-5.853526491786199415e+01 2.232640963721584626e+01 -4.716862011525266496e+01
-4.979794322527460082e+01 1.973705343319458549e+01 -4.069459287201927111e+01
-3.694701846773742204e+01 2.107122358050645872e+01 -3.792239609764170183e+01
-2.754385624486613082e+01 2.414652745837119241e+01 -3.647713389961585051e+01
-2.049054447478786756e+01 2.783088285491982816e+01 -3.501921355478803832e+01
-6.427623116181489848e+00 3.798585752562377138e+01 -2.323850505913139131e+01
-6.839090427388424587e+01 7.186675106580981520e+00 -5.765903787725583385e+01
-6.178177479608260825e+01 4.932964053907895874e+01 -5.197178407754817897e+01
-2.969515780575274988e+00 -3.665176478844561991e+00 -3.492422618239665155e+00
-1.844910261425794218e+01 1.575882836493483374e+01 -2.747080583287040767e+01
-7.671560942775494141e+01 3.580130854127288131e+01 -1.030807533572108099e+02
-1.528691944828649874e+01 3.213896049454377390e+01 -3.441055527728755692e+01
-2.089199962794106114e+01 6.758994166114770108e-01 -2.851189754896727990e+01
-5.275033764214227716e+01 4.212971647187627866e+01 -5.001469345273460476e+01
-1.590119495721510567e+01 8.460861919642031381e+00 -1.304443365351372464e+01
-7.164322510599807003e+01 -1.304355877217046000e+01 -1.010425848388891552e+02
-1.991705845655291185e+01 4.069063490193399701e+01 -4.242030749259170364e+01
-1.123011018208031153e+01 1.326916188753279613e+01 -7.064758904934559602e+00
-5.129796104311507321e+01 -4.605046426734367770e+01 -5.522291176263170343e+01
-5.109686038375009076e+01 -5.358371709855108378e+01 -6.714132909447373265e+01
-7.447712296441974900e+01 5.368794807755554288e+00 -8.148573956777008220e+01
-6.001561255465489353e+01 -3.723948106917170264e+01 -6.451930902097734588e+01
-7.176944397330584025e+01 5.090001326502520129e+01 -7.487236199116863133e+01
-2.447980736831465975e+01 -6.585014027707521223e+01 -3.360545953630050775e+01
-2.098098252542234476e+00 -5.261411679843841505e+00 -1.197132069503963159e+01
-2.424976417897292080e+01 1.024075624371487692e+01 -2.950609142206208446e+01
-6.899558630701555728e+01 3.671878661657139276e+01 -6.429542699224407443e+01
-4.217548814275626512e+01 3.797836412748748813e+01 -4.192307240214998387e+01
-3.651115006509881766e+01 3.716159141889045259e+01 -4.019664589321333636e+01
-2.132785362726924916e+01 -3.432292090543401741e+01 -2.708660775591716074e+01
-6.626612051491422051e+01 -7.001721545079871767e+00 -5.834622460379484465e+01
-1.293290720928969151e+01 -7.421419303838470682e+01 -3.509358522825684901e+01
-3.204643538326523355e+01 -6.662855438097385274e+01 -4.861501467059260762e+01
-4.070733151217514489e+01 -6.153285517294762030e+01 -5.654565318748645808e+01
1.857188147691202218e-02 8.587280004440370362e+01 -2.988980284988758740e+01
1.582680170608674608e-01 -7.520644120795356002e+01 -3.305861838428176469e+01
-3.079630327836214221e+01 3.751727512123888886e+01 -3.999689373443869300e+01
-2.540033374875246253e+01 3.875612438049569164e+01 -4.091164134371266670e+01
-2.177822817964541002e+01 3.972630190511528525e+01 -4.241362119754824533e+01
-6.663386750500632161e+01 5.058227401579869564e+01 -5.897101112825667713e+01
-2.562136804092368791e+01 4.552737830651653184e+01 -3.995567540164986298e+01
-3.133660404201853922e+01 4.745470494563177510e+01 -3.919413970539395109e+01
-3.708167652997041586e+01 4.798926733843858017e+01 -3.953090517015823480e+01
-4.293188895857926468e+01 4.698560129276672370e+01 -4.128710238783450137e+01
-4.671098210726007949e+01 4.518200143071553754e+01 -4.341208720859586379e+01
-7.558081721389420693e+01 5.299098598664127735e+01 -9.356825085674095988e+01
-4.597314576876647862e+01 3.921396046705532257e+01 -4.424782262474751349e+01
1.899825800186021874e-01 -1.208765826059153703e+01 -1.680104362342625990e+01
-1.934161666149052294e+01 -1.606202880587484216e+01 -2.256285910250176485e+01
-1.413862799008186499e+01 -1.957111419767883387e+00 -1.656084284675860729e+01
-7.800544135480341978e+00 -1.305444831798677008e+01 -1.720733208059087360e+01
-1.492819720791715987e-01 4.972469492848597383e+01 -2.616638735928353654e+01
-4.216094391197050584e+01 -5.416845261305818582e+01 -4.799094820831086139e+01
-3.362185040954503279e+01 -6.004292096562789283e+01 -4.108306869641569392e+01
-1.335010895183171442e+01 -7.010390414081265931e+01 -2.720764491357566328e+01
-5.926609981945172478e+01 -4.410193660130756399e+01 -8.062808225486283220e+01
-2.160923188207945600e+01 4.269082076557268124e+01 -4.146678312272134548e+01
-1.060503695587895301e+01 2.640303937831653869e+01 -1.994761783797602916e+01
2.801462690399865174e-01 -7.068966143590429851e+01 -2.540047594661485419e+01
-2.303522501825903035e+01 -7.102150694771650308e+01 -4.048268717908657521e+01
-7.170744400726442791e+01 -1.024923471473296566e+01 -7.907488625884572286e+01
-1.058343808350814008e+01 -3.108181466192323583e+01 -2.169805104115281580e+01
-1.148109376377261981e+01 -3.270585204944184454e+01 -2.035123444211048138e+01
-1.241200383671777274e+01 -3.543389391878631045e+01 -1.899567094209724516e+01
-1.318917826042148178e+01 -3.910331031848062366e+01 -1.971423658682721936e+01
-1.549160327711557983e+01 -4.566712412114371489e+01 -2.467363279830350820e+01
-1.832692733802846519e+01 -3.125676267218431192e+01 -2.646638661244374902e+01
-2.022041736709365622e+01 -3.092523585392101282e+01 -2.641182341556314839e+01
-2.214372382939045636e+01 -3.007619922045666172e+01 -2.644301020377459821e+01
-2.951213551715179406e+01 -2.590059017914981254e+01 -2.841111963809049001e+01
-5.719337368857492976e+01 -1.048545090236058641e+01 -4.473197650906836742e+01
-1.073511282667034372e+01 3.339004016197227287e+01 -2.657179063427774324e+01
-1.466979345800012702e+01 4.702642579441879889e+01 -3.809640606741846369e+01
-1.867992039113360647e+01 4.502682939061753586e+01 -4.056881091147337060e+01
-1.711960713478545060e+01 -3.032081055474447950e+01 -2.707834483937098113e+01
-5.698259035476586121e+01 -2.729732898952108400e+01 -5.274639300736211567e+01
-8.797261449084126994e+00 4.831769433078660825e+01 -3.022782854157731691e+01
-1.970102535719748360e+01 -5.274138824929136149e+01 -2.793520036656355288e+01
-2.009711852293790679e-01 2.493964376967817387e+01 -8.042716535006741552e+00
-6.168251737698119186e+00 3.043632517332721221e+01 -1.612210490184390821e+01
-1.688371331199219894e-01 3.211385686558490704e+01 -1.465398826908141672e+01
-1.458385171361488730e+01 1.475719232643366929e+01 -1.917475933305450297e+01
3.488937833081142692e-01 -6.408708090914413447e+01 -2.232505718781724013e+01
4.458061073455397150e-01 -5.560815447460826277e+01 -2.312122053194342541e+01
-9.929832076950638964e+00 -5.569453071620149842e+01 -2.435478617000439527e+01
-3.392807638739667198e+01 -4.169838970942461742e+01 -3.448893187053152332e+01
-2.648814608583337105e+01 -4.869258679933480494e+00 -2.968524598766283518e+01
-2.743250786234161609e+01 -4.822307639052960582e+01 -3.125238634544774285e+01
-4.271709777820083076e+01 -3.691975612063888246e+00 -3.250944085634765912e+01
-3.279007671785318223e+01 -1.162079981398968087e+01 -2.980277557040144387e+01
-4.776892748481648709e+01 -1.525503926388897646e+01 -3.628177242999050378e+01
-1.232933782670890999e+01 -6.381937840791533745e+01 -2.418339235730753600e+01
-1.796577851708785190e+01 1.022736511451986985e+01 -2.337654627090220316e+01
-3.991453945413660165e+01 -4.677143117806345174e+01 -4.067364038082377675e+01
-3.153967117146802579e+01 -5.351758850963916814e+01 -3.605134537796877936e+01
-3.919427679171837298e+01 -3.355594010784620451e+01 -3.590384087134309254e+01
-6.377991857372469298e+01 -1.894235919036611904e+01 -5.955503376475999033e+01
-4.808598399967009129e+01 -3.459260879761833962e+01 -4.278220343392230518e+01
-6.748966129217258469e+01 -2.448927077549733866e+01 -7.473821574033183879e+01
-3.745156943943858607e+01 -2.101208163915278604e+01 -3.179459637331354216e+01
-1.442259650558033535e+01 2.118621073041789771e+01 -2.396366915633050709e+01
-1.327150467898427699e+01 7.035337406630491897e-01 -8.842814321475231054e+00
-1.675192926688674078e+01 -1.490137512170492062e+00 -1.574955229184620897e+01
-1.117640892002518704e+01 5.972819614508703800e+00 -4.559007337005794191e+00
-2.027745862586357717e+01 5.404989288867495389e+01 -3.638136033976019945e+01
-3.090214582942327937e+01 5.837903917019995959e+01 -3.592323083749907653e+01
-4.009093094200036234e+01 5.918322981989837217e+01 -3.674713246823881008e+01
-4.783428843867401525e+01 5.782856815393553518e+01 -3.945753919451980352e+01
-5.330587470001594141e+01 5.427169418132208989e+01 -4.354009253549559588e+01
-5.734504830023696087e+01 4.035436834759764935e+01 -5.286457443246563059e+01
-7.590168788163640556e+01 2.069959125825471347e+01 -8.124412497130720112e+01
-5.247033755391544219e+01 2.980160547649922265e+01 -4.662480072288458643e+01
-4.561019442964006032e+01 2.766065916926280011e+01 -4.250133457004916693e+01
-3.683917204513959121e+01 2.764174821733269738e+01 -3.963033000521909344e+01
-2.845702377378181325e+01 2.930864837022085823e+01 -3.809533729807999691e+01
-2.177200712382034808e+01 3.197656884967270230e+01 -3.837449840230204501e+01
-1.721186735582515226e+01 3.470017415692222329e+01 -3.792442546386864421e+01
-7.567300549393839049e+01 1.993978387072221281e+01 -1.065803453893612556e+02
-1.636359972678337726e+01 -3.429193066845080740e+00 -1.888992016659506490e+01
-1.048380011813445378e+01 2.005325847435650388e+01 -1.439494686292897008e+01
-9.260040734390052819e+00 7.984171598917788604e-01 -3.817632630590162890e+00
-5.715734326934135190e+00 -2.644167609871164615e+00 -6.176957088485023561e+00
-9.007233366282164866e+00 -4.859652147073849071e-01 -6.883036024795598173e+00
-1.441260591574391370e+01 -5.511149112478135770e+00 -2.095730281055072908e+01
-4.773382749786501122e+00 -3.230539760977845454e+00 -4.478157310398801272e+00
-3.872305185408879247e+00 -4.841861787031681352e+00 -1.191319394872461679e+01
-1.751288540313019837e+01 4.038025001781041112e+01 -4.154588107652347162e+01
-1.361172078715304323e+01 3.907651516913529832e+01 -3.753635957570524795e+01
-1.141365566601356463e+01 3.821635534688291358e+01 -3.317155938756262401e+01
-4.891987900221876373e+01 4.375157107881547347e+01 -4.572172119839930104e+01
-5.235410527178952833e+01 4.687514869936390483e+01 -4.621425911010130960e+01
5.314162477304916976e+00 2.373766760267089282e+01 -1.022213612090565604e+01
4.736142573112386600e+01 4.061700393767624462e+01 -4.623054756266522247e+01
5.254037071041718576e+00 -3.706863581576547162e+00 -1.193208626515638571e+01
7.072390494385891202e+01 6.724576414086050136e+01 -8.088475632237853574e+01
2.872056127329971886e+01 3.385045859449290617e+01 -3.867674119696035717e+01
3.534654257723315141e+01 3.338383406810651621e+01 -3.931459916940055166e+01
4.146237169541264223e+01 3.395289601649566436e+01 -4.134599855402414903e+01
4.944136514457192533e+01 3.799059644771836730e+01 -4.727353438525123863e+01
2.312996064327576917e+01 3.578344225625610875e+01 -3.973394259206423129e+01
3.658767514346729399e+01 5.318014441592588071e+01 -3.742716132888154590e+01
2.967831880306469117e+01 5.254430199373398125e+01 -3.729505575243363324e+01
4.310625071998254043e+01 5.207974896454000202e+01 -3.977566161808567813e+01
4.756441790322621443e+01 4.945717191721910666e+01 -4.236511799719806959e+01
5.467341449556480626e+01 3.336063408651317275e+01 -5.038977859130953618e+01
2.357287607219581105e+01 -5.884063383376081902e+01 -3.003273841156633850e+01
4.942390763973440926e+01 4.247294998317715908e+01 -4.867236796381736497e+01
7.345315815478515731e+01 3.657392982365711731e+01 -8.068065394536874635e+01
6.174603293708878482e+01 3.870637400293308872e+01 -5.772395324414590334e+01
3.198828290085765502e+01 5.185731676243822363e+00 -3.031711391293129054e+01
7.345664665927740700e+00 -2.112607209323002877e+01 -1.462062125162801962e+01
6.184495581294741307e+00 -2.818322375430412308e+01 -1.719665039358150693e+01
1.464224796725500610e+01 -2.382180963199303037e+01 -1.810103483969473359e+01
1.933441438888198149e+01 -2.705085198257747336e+01 -2.203873682109812648e+01
1.132012169334866414e+01 -2.897375004351136241e+01 -1.940330460130257606e+01
1.541958556361545973e+01 -3.001977480354636896e+01 -2.324381820985324865e+01
2.737555416260386565e+01 -3.792108596386252373e+01 -3.038239041143535246e+01
5.104713728344602686e+00 1.545822005294552604e-01 -6.028633362390120043e-01
5.863648587654139099e+00 7.456013630907429857e+00 1.097258859934115094e+00
5.791754801527201835e+01 5.854142251671885333e+01 -4.619104106869959026e+01
1.930198924492317758e+01 2.286933784958032234e+01 -3.099987584780529914e+01
1.862576048947249774e+01 1.097688200881195453e+00 -1.668627592063488407e+01
1.915323460871724848e+01 4.879568549034331681e+00 -1.873257858920852215e+01
5.197127211295672566e+01 5.731492638217418722e+00 -3.904982665403019126e+01
5.593900350711825453e+00 1.635237699182527038e+01 -3.452091199012015998e+00
4.313671444604940319e+01 6.746363595973571137e+01 -3.506628604286989770e+01
5.185414015828054346e+01 6.445348802235930918e+01 -4.047175333872647229e+01
6.459875645366871311e+01 8.066269695142986507e+01 -6.843926154197629330e+01
1.451015300021979115e+01 6.182667663939896840e+01 -2.866545535328334182e+01
2.372161373755942648e+01 4.996699069634728119e+01 -3.906141856119339906e+01
3.210852857684843542e+01 -3.173118647647255486e+01 -3.246983911519510002e+01
6.472690123014879759e+01 -2.910902496148848329e+01 -9.319453600357186929e+01
1.401645449637026353e+01 -2.879173792990880720e+00 -1.883676920191367543e+01
8.988441071445363306e+00 -4.860534303006816437e+00 -1.814693877620878126e+01
2.437152591296154114e+01 -3.174440088411312644e+01 -3.145508861205435380e+01
2.143258440060856884e+01 -3.106950766337827474e+01 -2.946106115306045226e+01
5.563587449692872156e+01 6.925351262280717890e+01 -4.395316086353201968e+01
1.859308237969535682e+01 -2.188065355948697110e+00 -2.001289480321081626e+01
3.114615548692904667e+01 6.738657964748372819e+01 -3.089053532206147068e+01
3.236813445077420681e+01 7.344649972180611996e+01 -3.002285017229560538e+01
3.830681770056656887e+01 9.846402728973376384e+01 -4.341873253136795796e+01
6.017946983104797454e+01 7.509310144983977864e+01 -5.420489503520450825e+01
3.477511414615045737e+01 8.612558927365847694e+01 -3.619749625727665432e+01
6.200599165063783147e+01 6.164177854271779466e+01 -5.224610089356978193e+01
6.650750116012643787e+01 6.403473925786879306e+01 -6.535347407642748863e+01
6.902721800507467087e+00 -2.517154414428427600e+01 -1.511109430304903789e+01
1.280610087954220688e+01 -2.695693525493026499e+01 -1.828165284583858607e+01
1.742346026977031315e+01 -2.860708225828751594e+01 -2.196949525793663582e+01
1.236939639892808351e+01 -4.102099552836437013e+00 -2.026550343620816363e+01
2.275691866013429987e+01 -3.150826501727809159e+01 -3.041157124859945071e+01
2.057931237241642464e+01 -3.224826938970447543e+01 -2.610804228356300172e+01
2.085083611491472055e+01 -3.065476442975047533e+01 -2.932318500858183441e+01
1.125152735403561977e+01 -1.916721118566073190e-01 -1.018343639288656632e+01
1.411547002867242817e+01 -2.967687659793216071e+01 -2.418949100025451315e+01
1.001528694835006128e+01 -2.943525664199104597e+01 -2.183246913531928968e+01
5.367899809833561520e+00 -2.939572178682960768e+01 -1.985751220507932757e+01
8.292966062324699905e+00 -4.782008253135894194e+01 -2.381454804319530183e+01
7.712612695676495100e+00 -4.104776472608156723e+01 -1.767943987647277737e+01
7.392367532549951825e+00 -3.692890444326463495e+01 -1.700375984481752667e+01
6.897357728735892479e+00 -3.343836865931392310e+01 -1.853300350098285421e+01
6.311091536978073790e+00 -3.110884659408841557e+01 -1.973113211200631767e+01
1.555388406703441895e+01 -3.085931552176157666e+01 -2.415928439513196579e+01
1.644239847923784481e+01 -3.165598579866650653e+01 -2.290267581228075144e+01
1.770973546380513852e+01 -3.345460394745385457e+01 -2.158080781864281761e+01
1.897749914679130967e+01 -3.589196332664068478e+01 -2.265207209848894720e+01
2.535622159449826185e+01 -1.956820181064081865e+01 -2.486008964461666793e+01
7.269252356172550833e+01 5.122672508101704381e+00 -1.059518394093475422e+02
1.808676602583221538e+01 -3.098119689339700500e+01 -2.709589919934440516e+01
1.921180136617086731e+01 -3.136287074536070918e+01 -2.622150923759614827e+01
7.120411072446202638e+00 -7.773730143140570092e+00 -1.752912347652484115e+01
1.643789499685405886e+01 -6.431249613298306578e+00 -2.433731395889380877e+01
7.969301232079905262e+00 -6.387696410467935237e+00 -1.775552564614779527e+01
2.623765153631403635e+01 1.857339625304571129e+01 -3.290027859279160793e+01
3.712401584923584608e+01 1.394567506561752346e+01 -3.474504147486314309e+01
2.007244343572894962e+01 1.631463658540823314e+00 -2.217416561330014702e+01
5.437545243828358821e+01 9.137717195038632667e+01 -5.497664077450411213e+01
5.027825873272443147e+01 8.285334188040582148e+01 -4.456375892659906413e+01
4.564503357257472516e+01 7.335863477711741609e+01 -3.643724899631678227e+01
2.263377039052194917e+01 -4.179780977673998876e+01 -2.715717140508143856e+01
1.663245703131977393e+01 7.177354683945209501e+01 -2.662782907840449198e+01
1.850300181310479886e+01 8.626386669868053048e+01 -3.129856507594725912e+01
2.080922988569696841e+01 1.016711721305129146e+02 -3.662176917791043707e+01
4.661317787121758727e+01 3.536270584356471858e+01 -4.442747932254081888e+01
6.162673136705620180e+01 2.822967147927304410e+01 -5.377317731924078714e+01
1.948119719626005875e+01 3.788473280839569668e+01 -4.081450509190636211e+01
5.475861709593534243e+01 4.766812507480867822e+01 -4.855222587740860973e+01
1.482946398722216408e+01 2.782392206222999320e+01 -2.900693558075332135e+01
1.526185266494921855e+01 4.085478222919623370e+00 -1.047408559964525310e+01
6.822998650590778880e+01 2.333175731166013733e+01 -6.086183631703138275e+01
5.723137025325697635e+01 2.309691290573247713e+01 -4.717727055109666168e+01
4.884002851838646109e+01 2.043088702189171002e+01 -4.058418045545860053e+01
3.638602501811157452e+01 2.152997334218951053e+01 -3.784991276845642716e+01
2.706465162604699515e+01 2.444633596615324933e+01 -3.645994981936268431e+01
2.005555466613415305e+01 2.797010020169168598e+01 -3.499730690696232926e+01
6.162797853916950785e+00 3.798505890375742666e+01 -2.324860766624682284e+01
6.688390359490432502e+01 8.252975844001761985e+00 -5.776302922359928971e+01
6.020467324904335271e+01 4.925104981179078578e+01 -5.214184518975473281e+01
2.982565123409191887e+00 -3.612038248826038966e+00 -3.577259864890723673e+00
1.810487824783950472e+01 1.591103612592876182e+01 -2.755948151807458046e+01
7.517419615625378526e+01 3.650583820042827199e+01 -1.034130080686000639e+02
1.496595478872800555e+01 3.214394831000688413e+01 -3.441054922312501674e+01
2.083147048946173641e+01 1.018826289440634580e+00 -2.842521347168714030e+01
5.139990197351255574e+01 4.209400037945086126e+01 -5.011484110014875171e+01
1.550329153776037927e+01 8.655947688262196849e+00 -1.313037583333636960e+01
6.988744954937916987e+01 -1.178138313367261958e+01 -1.015493766822917650e+02
1.929540459082956261e+01 4.071120770990941651e+01 -4.265016226348847539e+01
1.082360335349981639e+01 1.339544166174313311e+01 -7.149160299825418008e+00
5.056999391095288843e+01 -4.477052590942226118e+01 -5.527020841616754865e+01
5.008318638257408395e+01 -5.232422435906005376e+01 -6.735974215312350566e+01
7.274350620832183267e+01 6.502959175652401669e+00 -8.179713893982683715e+01
5.878645970201485227e+01 -3.584880203765474960e+01 -6.477872213456366524e+01
7.021584482894807877e+01 5.119343337195571308e+01 -7.505903697790940043e+01
2.475735593342692553e+01 -6.518883446867728537e+01 -3.367038204682554436e+01
2.406678351190520093e+00 -5.201870192394899561e+00 -1.192205553570259724e+01
2.389032720057069525e+01 1.053841692798833662e+01 -2.952301967109428205e+01
6.727535267904562488e+01 3.728291715080815294e+01 -6.439772871629264728e+01
4.120851372474985652e+01 3.814625341203043973e+01 -4.192668338180887844e+01
3.561235837698352213e+01 3.732413331802038670e+01 -4.027998661485401755e+01
2.217187315562800975e+01 -3.379127197768672630e+01 -2.715229280354851937e+01
6.487208158623394638e+01 -5.853871167902983785e+00 -5.844127965558495674e+01
1.313094466795546111e+01 -7.393627947391425437e+01 -3.507512193638868325e+01
3.192347378064430075e+01 -6.583238882516059221e+01 -4.884338203991276828e+01
4.023884286961822454e+01 -6.050037038874204853e+01 -5.684469972692187412e+01
2.996624317084505407e+01 3.762863408167224577e+01 -4.005224043810414969e+01
2.470112466253287309e+01 3.885914475647624755e+01 -4.105941190613284419e+01
2.122877334019496587e+01 3.977802617445890121e+01 -4.260606547439311953e+01
6.496540573605211932e+01 5.065361915713307894e+01 -5.908001606428756958e+01
2.469968752644676613e+01 4.538873267755907648e+01 -4.014465460011913223e+01
3.023972560547569444e+01 4.721856596138667328e+01 -3.924384003623305972e+01
3.586948015465857509e+01 4.770152384072177654e+01 -3.970510594369770985e+01
4.166077572853032507e+01 4.674533135711647702e+01 -4.132104072213827806e+01
4.535705705710781643e+01 4.502585806003370550e+01 -4.337944245650952269e+01
7.413524427111310899e+01 5.336916125019723722e+01 -9.385933144787826166e+01
4.489670624737629367e+01 3.939378962089811154e+01 -4.424546618822885335e+01
1.959027519876287471e+01 -1.562659643308647262e+01 -2.256679193473626199e+01
1.427767454665550062e+01 -1.677578845997834245e+00 -1.664875523149074255e+01
8.137686567790561654e+00 -1.287353145143942790e+01 -1.724319720864396999e+01
4.181509332745997654e+01 -5.308467515506236367e+01 -4.804943409374081398e+01
3.354747336970555693e+01 -5.918429301613765148e+01 -4.108785176857839616e+01
1.369585936848695162e+01 -6.974285343916014313e+01 -2.704982353201380718e+01
5.788589044088086411e+01 -4.270773505328814679e+01 -8.094463068372395753e+01
2.093740699391327809e+01 4.268471446823277660e+01 -4.168125824094699539e+01
1.026906389291418975e+01 2.642437960700411992e+01 -2.002259300324675806e+01
2.318611480871854269e+01 -7.044979094848761747e+01 -4.057790122820917844e+01
6.994214948699203660e+01 -8.960386309744363231e+00 -7.940868890572536998e+01
1.141955784174379041e+01 -3.080794559604003879e+01 -2.168340120007087890e+01
1.234547064704015717e+01 -3.242410166219633538e+01 -2.035547327221774694e+01
1.325102183362224650e+01 -3.515427539692485936e+01 -1.892340323506419608e+01
1.404907300063938891e+01 -3.883035956541191069e+01 -1.963862254047664635e+01
1.624308056810640721e+01 -4.529528343307750049e+01 -2.454490210174486720e+01
1.897128529799599406e+01 -3.076347592444991719e+01 -2.663710828894713245e+01
2.088666986272582093e+01 -3.037612811431284143e+01 -2.662731031505913393e+01
2.279382883060256759e+01 -2.946740056297531041e+01 -2.666670061571682737e+01
2.991016717892466659e+01 -2.520089504835619110e+01 -2.847142758458422307e+01
5.615583685151374027e+01 -9.408048966983944439e+00 -4.450712149747956659e+01
1.045020009829217500e+01 3.341222241604370424e+01 -2.662787088881086106e+01
1.427964784932071041e+01 4.683847757224025088e+01 -3.818699927909321445e+01
1.812365568835230079e+01 4.493254024301066352e+01 -4.070079718000906155e+01
1.766505131989911703e+01 -2.986225433106543292e+01 -2.721856709441557953e+01
5.608120225842819906e+01 -2.608316911924432091e+01 -5.277712627226116382e+01
8.428200712462890820e+00 4.817330154275811083e+01 -3.017314949288075354e+01
2.028936363968078993e+01 -5.223586969843350403e+01 -2.778005283627735977e+01
5.815278729749211450e+00 3.043903080038984044e+01 -1.610147739792679644e+01
1.417991036118461423e+01 1.485829169497539937e+01 -1.922758477295847968e+01
1.069074990963106053e+01 -5.547244767255631359e+01 -2.422744340560853260e+01
3.418633304570801812e+01 -4.080289227394533214e+01 -3.432977926443388128e+01
2.641109051582668599e+01 -4.395812419346311728e+00 -2.952989476413073433e+01
2.784969939196655275e+01 -4.752632457333975680e+01 -3.101929642118414421e+01
4.222242398631934179e+01 -2.963308035020733477e+00 -3.214135789918159958e+01
3.272926198324839930e+01 -1.101526593964269551e+01 -2.961820909944297142e+01
4.719623261851819507e+01 -1.438404531972349254e+01 -3.590789234697150079e+01
1.289834561336105345e+01 -6.349934008562821219e+01 -2.413836780192438525e+01
1.758492709673638998e+01 1.039157260015515938e+01 -2.348461495532463417e+01
3.985494575189326838e+01 -4.573554948569349676e+01 -4.057697384935291751e+01
3.179534944459020096e+01 -5.267697803550739621e+01 -3.591223456934894642e+01
3.935815704384987868e+01 -3.259313534229600862e+01 -3.579360271676247152e+01
6.249543356443466990e+01 -1.772933976595303207e+01 -5.959422270084248652e+01
4.758854550717713039e+01 -3.349691389865299129e+01 -4.267614823356974085e+01
6.597328659192125144e+01 -2.309037304709350735e+01 -7.500691180337409492e+01
3.752542550095868990e+01 -2.021803163399246728e+01 -3.163720429893844610e+01
1.410555872706009950e+01 2.123975026749803163e+01 -2.413561123698539745e+01
1.322191301681523434e+01 9.514552576710124665e-01 -8.976667431842775713e+00
1.674660785758404913e+01 -1.174875460516698222e+00 -1.573129528835945479e+01
1.097434155259075794e+01 6.149873264908369386e+00 -4.710683985205396773e+00
1.972340150172197326e+01 5.374077618335581263e+01 -3.638636683821449935e+01
3.020914103097090475e+01 5.781907170807304652e+01 -3.580746264197509987e+01
3.920056113400708853e+01 5.846993888220848135e+01 -3.654306363079426490e+01
4.670794593395717698e+01 5.712129031951327818e+01 -3.938386197306173386e+01
5.195422814317122828e+01 5.370538670758169530e+01 -4.348909624910668015e+01
5.589624833058886821e+01 4.051759641643356957e+01 -5.287045938559531777e+01
7.413554445906046908e+01 2.162903777212819989e+01 -8.155065540588918793e+01
5.127447691752339409e+01 3.026920761969115858e+01 -4.652766539195729223e+01
4.472828188973524988e+01 2.816161817971334358e+01 -4.243581609670812327e+01
3.612668420434388139e+01 2.798597645903931053e+01 -3.954239293965891733e+01
2.779403767177011986e+01 2.955075934421045503e+01 -3.806497902857135074e+01
2.127491240645267112e+01 3.209504592712569604e+01 -3.837126628773826553e+01
1.679617043045980296e+01 3.475618079108568992e+01 -3.791938239524822052e+01
7.403768679416987197e+01 2.089305309640883479e+01 -1.069608831292947144e+02
1.634251886669533604e+01 -3.161937296926980778e+00 -1.890142824767632845e+01
1.017929690071959925e+01 2.014450453773678973e+01 -1.446963433419721667e+01
9.243374242780895145e+00 9.750581816453210982e-01 -3.830251317856245841e+00
5.713849675437752573e+00 -2.536602372001591554e+00 -6.173632812855715635e+00
9.049620409673973853e+00 -2.955647215101552261e-01 -6.945935189907692653e+00
1.453499718638725646e+01 -5.286192303218164135e+00 -2.089204083377875776e+01
4.793468928095676596e+00 -3.158981044003623673e+00 -4.421646149567364681e+00
4.168517308159639612e+00 -4.772316478506750670e+00 -1.194104974771350314e+01
1.703477435513563876e+01 4.035674803127403720e+01 -4.160287781375167526e+01
1.323180854936332551e+01 3.900806926167700084e+01 -3.749233861351390829e+01
1.110630672953200282e+01 3.815867311809217455e+01 -3.313410057571718426e+01
4.761258167241064143e+01 4.368444636873356757e+01 -4.576848724739718222e+01
5.092544049296895281e+01 4.661560117430954620e+01 -4.620203667204926745e+01
