8.605210280879702633e-01 -2.104567864994204029e+01 -1.604899834439189377e+01
0.000000000000000000e+00 0.000000000000000000e+00 0.000000000000000000e+00
2.066284692891229846e-01 -6.585472658331911866e+00 -1.662395502950824167e+01
-6.083345554486280449e+00 2.451335296066098124e+01 -8.332303956226157382e+00
-1.745992502296167537e-01 7.417774940273261564e+00 2.361502866423442981e+00
-3.579555809442851455e-01 1.740331327511125181e+01 -1.305184285507392239e-01
-7.379152425018700168e-01 4.151228498931207156e+01 -1.743949251394180422e+01
-4.846318968093174817e+01 4.476363189338927384e+01 -4.253749948932122749e+01
-1.043242438756191159e+00 6.160190037778334471e+01 -2.179087550649772709e+01
-1.186593882830040858e+00 7.174817796139721793e+01 -2.019487005406829994e+01
-1.789473646822834496e+00 1.048282146275767417e+02 -2.641556008541617473e+01
9.691256448919867150e-01 -2.437984144020295574e+01 -1.693284783767021295e+01
1.041292005691540901e+00 -2.690271085996053557e+01 -1.927944594784694488e+01
1.127396565127219086e+00 -2.796979143741584295e+01 -2.223730266423515545e+01
1.257272440475261321e+00 -3.038249672516563749e+01 -2.295539895304038325e+01
1.353708780455963545e+00 -3.333638772923608684e+01 -2.206347091888214962e+01
1.503593603655886568e+00 -3.702069999911876863e+01 -2.092568414581238656e+01
1.629940017914544681e+00 -4.068243016686039937e+01 -2.215856270323371646e+01
1.759662574610120656e+00 -4.603355261656985675e+01 -2.882173487461181693e+01
1.165500074806713471e-01 -3.607800433221298952e+00 -3.361905330065121156e+00
-5.546923069223018921e+00 -2.894732002236651613e+00 -1.223060021523300023e+01
-7.157984520385005567e+01 7.238863719649978634e+01 -7.365654379453272327e+01
-2.904940004249953489e+01 3.784257635388434693e+01 -3.566687452078465270e+01
-3.553498384173321512e+01 3.737305713450307820e+01 -3.622331672059122809e+01
-4.183407149576044048e+01 3.775403710884109643e+01 -3.815642509015496131e+01
-5.039085859779289223e+01 4.222886278625952627e+01 -4.369666152437279294e+01
-2.377612662039702585e+01 3.957888662186698525e+01 -3.652379094454642683e+01
-3.815597546288012865e+01 5.706627464337181976e+01 -3.332017079885124389e+01
-3.108438667806760947e+01 5.625016341219836846e+01 -3.316462258836709509e+01
-4.476876204022158134e+01 5.615767766595722321e+01 -3.557822155487785665e+01
-4.917527943691146675e+01 5.363826833000811689e+01 -3.823712755269256292e+01
-5.533691580065652715e+01 3.732454812081358853e+01 -4.716209652245304085e+01
-2.132626872430024534e+01 -5.536738261768918790e+01 -3.634257016221766889e+01
-5.081209755610340295e+01 4.680761811148163076e+01 -4.478016760479415126e+01
-7.404701036741587927e+01 4.179624453537053341e+01 -7.646578957824031875e+01
-6.258832815462335475e+01 4.287877505960818070e+01 -5.378281338696575631e+01
-3.220103959438156949e+01 7.771046795940452334e+00 -2.992242084219640930e+01
-6.615156873678056826e+00 -2.015261637826131391e+01 -1.694234381420303848e+01
-5.079305627863462291e+00 -2.689804992127363192e+01 -2.018853210309309532e+01
-1.404473357521442622e+01 -2.255120611154967492e+01 -2.065841201675803163e+01
-1.845262182662314387e+01 -2.538154437735539659e+01 -2.499563532807759003e+01
-1.027835864842584179e+01 -2.750262083261589652e+01 -2.251889470200651289e+01
-1.431654047935709428e+01 -2.831966056906264129e+01 -2.660895661971182946e+01
-2.596582837262385013e+01 -3.530022159828750716e+01 -3.493359125639025820e+01
-5.250850770279534174e+00 1.697738099972595505e-01 -4.764009894203123929e-01
-6.351746021126457364e+00 7.331400367685222186e+00 1.623271745873499983e+00
-5.928790616769504140e+01 6.232168277040005222e+01 -4.092627278374989430e+01
-1.994206043103888604e+01 2.569737564136168473e+01 -2.892857200546126961e+01
-1.953925373406795174e+01 2.414884725646978758e+00 -1.636282511580085242e+01
-2.014653114482107199e+01 6.453251966870613643e+00 -1.822888269135631845e+01
-5.171819598077316726e+01 8.883301272147374306e+00 -3.839123062131304209e+01
-6.266402632240434478e+00 1.657467128818952773e+01 -2.174221576054093497e+00
-4.479791446455681125e+01 7.030774722727423409e+01 -2.951322735211050130e+01
-5.342902650665576658e+01 6.780518665227590702e+01 -3.489419136952024303e+01
-6.581192524280432110e+01 8.494057337446591305e+01 -6.040351487692787913e+01
-1.598420093983808243e+01 6.371262752302771304e+01 -2.373635441713884475e+01
-2.497322075403786457e+01 5.353817784925269763e+01 -3.498225950312577481e+01
-3.097697409914154321e+01 -2.914650664405058578e+01 -3.634682811500671562e+01
-6.362106183546140414e+01 -2.171058385917813993e+01 -9.530194706628692813e+01
-1.471481082351004233e+01 -1.543011103353480351e+00 -1.882530314357633117e+01
-9.456425043215839210e+00 -3.564508473625101370e+00 -1.843032110518619149e+01
-2.325707681842578012e+01 -2.959715028189719987e+01 -3.535024383796631042e+01
-2.029897615634631336e+01 -2.907638126728762273e+01 -3.338305936729050671e+01
-5.720799915522200507e+01 7.275474834955257109e+01 -3.783101620877478410e+01
-1.945573391229257965e+01 -5.740516752573951997e-01 -1.999353055821256930e+01
-3.284957660656012024e+01 6.961007705899611153e+01 -2.550823753524339566e+01
-3.413973430572606560e+01 7.556988932168785311e+01 -2.400984005229836171e+01
-4.023263613172642295e+01 1.011867156834175603e+02 -3.467937418530189575e+01
-6.157580828989591737e+01 7.882498341010315812e+01 -4.720105288557889622e+01
-3.653475669694726946e+01 8.836983516147172679e+01 -2.875623812644726129e+01
-6.334764018044401013e+01 6.557538665792786503e+01 -4.647050528547778470e+01
-6.754493081762356610e+01 6.845145292704427220e+01 -5.891978177652996607e+01
-5.952655125029723493e+00 -2.406837525673930145e+01 -1.776030428619241519e+01
-1.198274266123922516e+01 -2.562429625063614580e+01 -2.119626630364891895e+01
-1.637826678590477059e+01 -2.700377102963868126e+01 -2.521735037412128477e+01
-1.303936769314943511e+01 -2.726854141409560395e+00 -2.037275452993060298e+01
-2.169647098211444813e+01 -2.944875572210454706e+01 -3.433321195194087494e+01
-1.930743180353474031e+01 -3.062788230930686950e+01 -3.040270169733181049e+01
-1.974421298970341354e+01 -2.852862102498226804e+01 -3.324940910517545234e+01
-1.175098928972219348e+01 5.203026550911916681e-01 -9.987191608808061005e+00
-1.296203864449856802e+01 -2.784820446379832148e+01 -2.766188679152263674e+01
-8.912737194880943292e+00 -2.775457261698840128e+01 -2.505291260313131474e+01
-4.169682968086098285e+00 -2.784562746390450272e+01 -2.297249188796016739e+01
-6.266835326564647701e+00 -4.595987755394802576e+01 -2.895987144431938276e+01
-5.866845024505625616e+00 -4.017988828005120894e+01 -2.245337622184581150e+01
-5.629329839235115429e+00 -3.623591223526049987e+01 -2.146901218698306479e+01
-5.266092298790512771e+00 -3.271055025721968690e+01 -2.273078171523094326e+01
-4.729966592169751571e+00 -3.023955021752865946e+01 -2.367633442895095897e+01
-1.408582030430704712e+01 -2.955093820539962834e+01 -2.807600652785171036e+01
-1.499853790387603070e+01 -3.043169518280735986e+01 -2.701741665245080526e+01
-1.630440943509119123e+01 -3.221862744638999487e+01 -2.601869913474413210e+01
-1.757843636360249207e+01 -3.446582586231670575e+01 -2.719057614543709178e+01
-2.489904187123328683e+01 -1.763663676593980867e+01 -2.700367754508699392e+01
-7.250406781762043806e+01 1.226055566344250813e+01 -1.043657685933310546e+02
7.187007796098054957e-02 -4.757132445939645571e+00 -1.202884520737791441e+01
-1.670616306480081192e+01 -2.932016626502920431e+01 -3.102417506995771745e+01
-1.788140278592136667e+01 -2.974607715373548444e+01 -3.036376881762389601e+01
-7.318833100483104204e+00 -6.599118881621548027e+00 -1.828244015611785755e+01
-1.715647741495574508e+01 -4.686361497819086175e+00 -2.476019982121269081e+01
-8.340703656373573693e+00 -5.186286493238662310e+00 -1.824165595621623481e+01
-2.654298052427793309e+01 2.157747146455907483e+01 -3.126356615711613074e+01
-3.710066047047641291e+01 1.690392088396976433e+01 -3.338289712445781987e+01
-2.095687926489271291e+01 3.454354296303416394e+00 -2.195829550330283197e+01
-5.605478994693519468e+01 9.474437662279021310e+01 -4.652871328274839868e+01
-5.195063747807959231e+01 8.586841051666677060e+01 -3.732004332398493318e+01
-4.740470651099468569e+01 7.616558445803406130e+01 -3.030929456723553628e+01
-2.094742910386126766e+01 -3.940865287950629181e+01 -3.209167465171444888e+01
-1.822985977080364961e+01 7.344422358160591102e+01 -2.089004846623842937e+01
-2.017779593053692722e+01 8.815410225781259612e+01 -2.382425956396649269e+01
-2.263549003376200019e+01 1.040539267392870357e+02 -2.773340176762805953e+01
-4.728294461656643222e+01 3.933698141558473793e+01 -4.107453712723625472e+01
-6.208189556057394043e+01 3.209176650081717952e+01 -5.072094761355334924e+01
-2.041021387222046002e+01 4.143799866516442165e+01 -3.742130281964339389e+01
-5.598117427132529400e+01 5.183510774961104772e+01 -4.412969169507476863e+01
-1.559777554880518124e+01 3.036453937360956346e+01 -2.662679736605685221e+01
-1.608054136383557520e+01 4.919679601660219781e+00 -9.985193138228158460e+00
-6.867934928576514153e+01 2.760091093249583594e+01 -5.820751297964355331e+01
-5.753245099328162127e+01 2.660373820192429761e+01 -4.472548940950716911e+01
-4.892495464419978646e+01 2.363284479978048935e+01 -3.857810376687869081e+01
-3.635816771176763496e+01 2.485758396093291367e+01 -3.585726177648881929e+01
-2.730350743299002403e+01 2.784950621105371482e+01 -3.428451998336325346e+01
-2.065943371680942420e+01 3.119312030155046855e+01 -3.252460852868261298e+01
-7.025703485428708817e+00 3.972021214401732436e+01 -1.994266173566327893e+01
-6.688007095535037649e+01 1.252176079887494886e+01 -5.651282273099259612e+01
-6.130704607885378010e+01 5.330366699870869240e+01 -4.733718221420518546e+01
-2.985598916909126821e+00 -3.242046998488038234e+00 -3.741579672388549049e+00
-1.886539629464543921e+01 1.833520704657543021e+01 -2.619777164514724888e+01
-7.551053552381372924e+01 4.293015767200294874e+01 -9.877281025424709071e+01
-1.576266953498517509e+01 3.507113860257830140e+01 -3.159582515255799606e+01
-2.159599689005123224e+01 3.199287940551048592e+00 -2.828669836489360989e+01
-5.265004578191685169e+01 4.653285239180199540e+01 -4.615197387914886207e+01
-1.645582429708567318e+01 9.806628581847517623e+00 -1.232461176868222097e+01
-6.940482806641333013e+01 -4.379811503390445893e+00 -1.016817218323059961e+02
-2.053317061775335262e+01 4.424906845473024930e+01 -3.898656499499504946e+01
-1.162662987830391437e+01 1.403623967228992164e+01 -6.063453363853250622e+00
-4.878001470451299326e+01 -3.962252759296092108e+01 -5.976780035930036661e+01
-4.820710507923244137e+01 -4.608588885081172748e+01 -7.231351105577913074e+01
-7.283209875106325626e+01 1.212999808488071629e+01 -8.031088121691846027e+01
-5.729927050036212677e+01 -3.021536179123863164e+01 -6.800773830142053100e+01
-7.105618528267638112e+01 5.601427466575236025e+01 -6.954557868714078950e+01
-2.241881881411013921e+01 -6.129902814815130796e+01 -4.056035666101844583e+01
-2.350579103597020492e+00 -4.488570770810939692e+00 -1.244310415876647014e+01
-2.440607489101556737e+01 1.315217737621753180e+01 -2.857132337985796156e+01
-6.806074347110082101e+01 4.165641613462392456e+01 -6.038758450907402420e+01
-4.178015587554920529e+01 4.211546799531447505e+01 -3.853213444005990596e+01
-3.600548633102942375e+01 4.134069488735742226e+01 -3.695362503907539775e+01
-2.089267933931449761e+01 -3.192384290150836890e+01 -3.151922070980986135e+01
-6.443658842689835353e+01 -1.219727324077128028e+00 -5.867039963707575367e+01
-1.083801236468017493e+01 -6.989511394410325806e+01 -4.288335976083735801e+01
-2.980217257126552610e+01 -6.072969982404877953e+01 -5.542032962884697866e+01
-3.818081729094242860e+01 -5.484485794052478269e+01 -6.266278058415453955e+01
-1.475834676044520233e+00 8.772631223468128780e+01 -2.252484800294660516e+01
2.323445954879235664e+00 -7.129376902832404994e+01 -4.104600765176995480e+01
-3.046954313947292192e+01 4.166464009827053872e+01 -3.671332702402129655e+01
-2.538494485938092637e+01 4.276883497129939826e+01 -3.763502777008416444e+01
-2.213049276145276423e+01 4.350470431453366160e+01 -3.900579573495905805e+01
-6.603112272868418131e+01 5.484911185590827642e+01 -5.404888847483453418e+01
-2.605595866724631193e+01 4.916199638944490147e+01 -3.629576995340533330e+01
-3.168164639784733438e+01 5.125278402858139515e+01 -3.536755353204196695e+01
-3.755784499654854613e+01 5.185422119853888745e+01 -3.566243651528385072e+01
-4.345908734582771160e+01 5.094009563480947378e+01 -3.734598362120703285e+01
-4.711766730464155728e+01 4.921417798990837156e+01 -3.949997535756956779e+01
-7.478547243273484924e+01 5.912747564846779369e+01 -8.772923015235937783e+01
-4.573040230130818173e+01 4.337791351892960989e+01 -4.071555876337854585e+01
4.028035144393227185e-01 -1.088673903157504874e+01 -1.803414092957208936e+01
-1.966612897977271501e+01 -1.396651403493955712e+01 -2.402989127501283306e+01
-1.492897379861173413e+01 -5.441748369441928856e-01 -1.641269076701299312e+01
-7.921859847542489952e+00 -1.170365015919412954e+01 -1.854568146821476304e+01
-8.351460436336921589e-01 5.163773384072943884e+01 -2.199656178487978764e+01
-3.987881278716226063e+01 -4.824170639322210974e+01 -5.365035449359565689e+01
-3.143625517602538366e+01 -5.471743855302683812e+01 -4.745391643725510988e+01
-1.130084700431497069e+01 -6.629626445108665678e+01 -3.457025634869514619e+01
-5.637192532310226056e+01 -3.579919483529312885e+01 -8.456716192487240846e+01
-2.222852485969968583e+01 4.620470833685440937e+01 -3.793751259597710401e+01
-1.109185271353805291e+01 2.804803111108273583e+01 -1.775719825845265376e+01
2.348366209465050591e+00 -6.739595268658734994e+01 -3.301269425602409768e+01
-2.094918569814244336e+01 -6.601862065496428045e+01 -4.787832018882812690e+01
-6.963089723378155327e+01 -3.044150511979753393e+00 -7.948615100357295660e+01
-9.897562462766803293e+00 -2.981547994300919768e+01 -2.567177208368483932e+01
-1.079440390496580626e+01 -3.154040607734220814e+01 -2.448822442870858751e+01
-1.168720013780492550e+01 -3.427597600656689281e+01 -2.342776196234628827e+01
-1.243247764737000338e+01 -3.775755408657815337e+01 -2.437490388907891870e+01
-1.435763380980188231e+01 -4.318869807059230936e+01 -2.964167912374611902e+01
-1.782993732464698056e+01 -2.881301645398089306e+01 -3.022019220982251753e+01
-1.981562907985442124e+01 -2.841921422718837675e+01 -3.018238356182712323e+01
-2.175154018026070446e+01 -2.749093414836683991e+01 -3.006690673689757887e+01
-2.900682210948048834e+01 -2.299271274301372614e+01 -3.137755488016856020e+01
-5.548497659071810517e+01 -5.625431966657576943e+00 -4.535521947301513279e+01
-1.128491682868836143e+01 3.551818321138017609e+01 -2.373029040570711246e+01
-1.541642709270305289e+01 4.975978504699256888e+01 -3.412870287708607009e+01
-1.939920996761083316e+01 4.832049455405095273e+01 -3.676157259392773824e+01
-1.649655040310076970e+01 -2.783410692855803958e+01 -3.089023292025222744e+01
-5.486244540389612467e+01 -2.148187277913190485e+01 -5.523260644257589291e+01
-9.517220640160777734e+00 5.043126306661705627e+01 -2.618070772518834133e+01
-1.816729296215734735e+01 -4.925535694515058793e+01 -3.342760819904226821e+01
-4.816904533567409885e-01 2.561755801490235029e+01 -6.087420735380464798e+00
-6.698817827361394528e+00 3.168918642803940600e+01 -1.342245562375908996e+01
-6.243434853962723796e-01 3.321207261337624317e+01 -1.190353432227155395e+01
-1.505098197793658343e+01 1.650531564788655459e+01 -1.787135033549220964e+01
2.249038206421346331e+00 -6.116903504275967407e+01 -2.932454473408133921e+01
1.978670320608023836e+00 -5.315872904539954646e+01 -2.922126028305740775e+01
-8.363129534585283409e+00 -5.285627078729550021e+01 -3.033622159853856459e+01
-3.274998924213458906e+01 -3.748933458103160632e+01 -3.902455253397524615e+01
-2.686980715058481550e+01 -2.060771749540012632e+00 -2.984758160130352422e+01
-2.605731153742065231e+01 -4.422812912169641208e+01 -3.633714710539179293e+01
-4.187475235006586871e+01 -2.526617695436710331e-01 -3.254260442917686902e+01
-3.247272072801295195e+01 -8.581913950084651077e+00 -3.073395829538070956e+01
-4.638394733809816728e+01 -1.115470396002083042e+01 -3.756801453517196165e+01
-1.045880480877867136e+01 -6.043600934709410666e+01 -3.097148315826221676e+01
-1.843567289052571212e+01 1.246863019539514461e+01 -2.249665080289328145e+01
-3.821544833751747205e+01 -4.173248086294310610e+01 -4.564232791696074543e+01
-2.981817754775368812e+01 -4.883510837735408927e+01 -4.180178190999220789e+01
-3.810539668852703699e+01 -2.941470330630331986e+01 -3.960690927123452809e+01
-6.162359496458959995e+01 -1.275018635036043868e+01 -6.113029593339168599e+01
-4.627115594758364381e+01 -2.951455424083450652e+01 -4.630575782913912519e+01
-6.499359243228877858e+01 -1.712119915020079119e+01 -7.678894581663490726e+01
-3.660698148132885876e+01 -1.750927971600036415e+01 -3.376817229826975364e+01
-1.492337779329294456e+01 2.331125797150578194e+01 -2.227606768644675128e+01
-1.381335903655467234e+01 1.628814238833597994e+00 -8.637490800430168036e+00
-1.750282657396327934e+01 2.024927882793459144e-02 -1.567773479433874506e+01
-1.163802046686165959e+01 6.442973856898468021e+00 -4.049786882232856655e+00
-2.100975235085457626e+01 5.656172693385035188e+01 -3.194518058674628236e+01
-3.162708736278489496e+01 6.086101963799140435e+01 -3.107742069939623164e+01
-4.072539079320386435e+01 6.173528804428045191e+01 -3.183614930649414632e+01
-4.828106130411836716e+01 6.068269015252537457e+01 -3.465160798178566637e+01
-5.340482650289611399e+01 5.760649691645200221e+01 -3.879294459346694168e+01
-5.686518033599691790e+01 4.476640459951154583e+01 -4.890127784859269156e+01
-7.445664076971407042e+01 2.704065747127267727e+01 -7.870699948200534379e+01
-5.173906502275886510e+01 3.403985046409874826e+01 -4.362934073185070361e+01
-4.490848623132492179e+01 3.166032201134667545e+01 -3.968499219270113798e+01
-3.619358193270985424e+01 3.164843532040979213e+01 -3.699237505194951581e+01
-2.805798824579368755e+01 3.326597720148263448e+01 -3.549173138339242684e+01
-2.187072335464701212e+01 3.566103503208931613e+01 -3.546748963502324870e+01
-1.760778885179770370e+01 3.802251649235861919e+01 -3.494679464750990405e+01
-7.414950908700450327e+01 2.775808951943750102e+01 -1.037621286542002537e+02
-1.714130069821604962e+01 -1.707408949738577153e+00 -1.893181341299691667e+01
-1.096236642904415604e+01 2.126168954155988544e+01 -1.279275487330911609e+01
-9.611945352144847021e+00 1.205380764769041990e+00 -3.614984722868245459e+00
-5.931805023994914272e+00 -1.976767309421329610e+00 -6.291614193760630691e+00
-9.419157377872453552e+00 2.156836434319936435e-01 -6.780439115995736898e+00
-1.523221338901375432e+01 -3.693934394601879223e+00 -2.117145459741397673e+01
-4.861712609217154757e+00 -2.724794908439009511e+00 -4.629398125659420771e+00
-4.241304053540568830e+00 -3.985320936678411030e+00 -1.231637070991278549e+01
-1.817175352470062677e+01 4.374671559007104804e+01 -3.801331569130633170e+01
-1.422485229432968978e+01 4.205472506647417674e+01 -3.412529718184885752e+01
-1.202605420907386602e+01 4.080385588860784907e+01 -2.982104626079770071e+01
-4.920636874086569179e+01 4.790265072183833439e+01 -4.179412360410513827e+01
-5.236094387694733143e+01 5.090823088825051457e+01 -4.208001269555747115e+01
5.130275526505590378e+00 2.457720151942137576e+01 -8.267401732620617949e+00
4.713520711766994964e+01 4.486669410524533674e+01 -4.256596400349678078e+01
5.654009611167511551e+00 -2.868896359710342736e+00 -1.232453912908135507e+01
7.057665666403975990e+01 7.365373455842737371e+01 -7.362440336217248671e+01
2.817671518966081834e+01 3.797872161191786944e+01 -3.544101266891990321e+01
3.481488806943472980e+01 3.761230316522884465e+01 -3.613712201484018038e+01
4.114258744371259979e+01 3.811282081160936741e+01 -3.807992228126966694e+01
4.946541539912785623e+01 4.241701925051960131e+01 -4.372210643688802634e+01
2.252392029786745553e+01 3.965359909616681477e+01 -3.641430332043770335e+01
3.678298308033949127e+01 5.708084082357345324e+01 -3.313894409579647515e+01
2.960310034115972400e+01 5.635241875519831467e+01 -3.305332808180673254e+01
4.339398693150349118e+01 5.610872601745553823e+01 -3.550455635936103249e+01
4.785854981918094353e+01 5.362665027672448304e+01 -3.821311225813195733e+01
5.487569237095541297e+01 3.792594526047757597e+01 -4.716997301198224335e+01
2.560582141661120303e+01 -5.533633585849034375e+01 -3.658019650236656872e+01
4.939776175106949552e+01 4.680761811148163076e+01 -4.478016760479415126e+01
7.411199037442754900e+01 4.301048055224992339e+01 -7.653492041458754613e+01
6.216849991080714233e+01 4.359719817886850279e+01 -5.392929966214136783e+01
3.274231574778576714e+01 8.367146443196995520e+00 -3.007439786473676691e+01
8.347514614704575564e+00 -1.995418497483463582e+01 -1.694136103439763730e+01
7.328216416350811002e+00 -2.670556273728590568e+01 -2.012667828195736774e+01
1.612232761445339690e+01 -2.216091542453618146e+01 -2.060816841904485130e+01
2.090699026604815813e+01 -2.474497861477724925e+01 -2.492145550190378245e+01
1.278525425043791941e+01 -2.717072326366040258e+01 -2.232943674282779867e+01
1.696072552584811888e+01 -2.773994498974392187e+01 -2.637099869799690310e+01
2.932981825003095722e+01 -3.464595499793396982e+01 -3.491059248737357734e+01
5.318000296376601099e+00 2.540893147171802147e-01 -6.182809371439352830e-01
6.082694920733231925e+00 7.461239973443766438e+00 1.512432748217710676e+00
5.808479975084937053e+01 6.242508291182623736e+01 -4.099412124119292855e+01
1.947152566554016317e+01 2.598930761259809330e+01 -2.891564306342393209e+01
1.971886174838854444e+01 2.728463354990687595e+00 -1.660593236950435880e+01
2.023534577709715876e+01 6.774009674256777913e+00 -1.841097280611958453e+01
5.280697999314168101e+01 9.786197571445196530e+00 -3.844829176997789233e+01
5.629018700084076343e+00 1.669692906316570458e+01 -2.179040428440650601e+00
4.289729712777597825e+01 7.023551100771192068e+01 -2.973822050526438687e+01
5.178944220878778992e+01 6.770732451330543711e+01 -3.505750613336827115e+01
6.414659117487606466e+01 8.609912832274864058e+01 -6.041600791588388120e+01
1.385447328749463836e+01 6.371632337622826725e+01 -2.381791917764173050e+01
2.337037664523749569e+01 5.368329958658402745e+01 -3.491286710033958229e+01
3.388245548407137875e+01 -2.835144929296527039e+01 -3.624988850941026186e+01
6.632025138722197255e+01 -2.119453806001066098e+01 -9.539306733312670872e+01
1.493861409420895825e+01 -1.347291427942714837e+00 -1.904549117497361621e+01
9.718634506510827720e+00 -3.442833286459061615e+00 -1.870545942832241693e+01
2.615845471865388205e+01 -2.873012077096714023e+01 -3.501683814755902802e+01
2.327679091092814190e+01 -2.822510730487517350e+01 -3.308895799790460046e+01
5.549342535769043394e+01 7.270985587919015813e+01 -3.805410351375351752e+01
1.984019033279724908e+01 -2.489628516331634511e-01 -2.024563189123106355e+01
3.067514418141248100e+01 6.960733802269182036e+01 -2.582724409811397948e+01
3.182553541846293754e+01 7.559140493584190779e+01 -2.437990820545358872e+01
3.721380527541546712e+01 1.019814376156336948e+02 -3.469573955026510248e+01
5.991355892984591236e+01 7.945069972787459278e+01 -4.738916458715521429e+01
3.380297285376644112e+01 8.881023562181390218e+01 -2.896971690638080332e+01
6.214347328593667186e+01 6.587170164664399863e+01 -4.660517305101608088e+01
6.652243547991908201e+01 6.926007051036158657e+01 -5.896465424247102760e+01
8.000148255879041770e+00 -2.388810959347377150e+01 -1.771769979924615512e+01
1.428747990897223730e+01 -2.527237521559004207e+01 -2.108220832981140447e+01
1.894337245895287936e+01 -2.638210777375874017e+01 -2.504620919922017919e+01
1.326240569413991111e+01 -2.527039960233122606e+00 -2.059914777835928490e+01
2.458504632540035573e+01 -2.860632434597698293e+01 -3.401023229365132750e+01
2.241662541120771834e+01 -2.989297227460351536e+01 -3.022651099137462793e+01
2.266636620519500411e+01 -2.779548897578886724e+01 -3.294809880648870859e+01
1.191653306795250522e+01 6.591254143021814116e-01 -9.997118544122528760e+00
1.566877642041079888e+01 -2.725626492289874037e+01 -2.737891977110584207e+01
1.145823183105494003e+01 -2.741334224352695159e+01 -2.486515551822245484e+01
6.531044897150413142e+00 -2.765558223392500281e+01 -2.282353104875529937e+01
9.927457757061652899e+00 -4.583593653996652506e+01 -2.902861070475021066e+01
9.246973335110151737e+00 -4.006470728993222963e+01 -2.244215581412171190e+01
8.747867986689479736e+00 -3.613292761186145441e+01 -2.147071730748614016e+01
8.051744843169878152e+00 -3.259995007816731771e+01 -2.266862981320173631e+01
7.390960444751069502e+00 -3.011937887228561905e+01 -2.361712029104302246e+01
1.710948581036086225e+01 -2.901882903293841665e+01 -2.799034722878288051e+01
1.810400233860694996e+01 -2.988710275541594896e+01 -2.697344631375113622e+01
1.954697033273630424e+01 -3.169295344403946402e+01 -2.605885390847420879e+01
2.088096253158744986e+01 -3.394393746117261657e+01 -2.726369528561158972e+01
2.671114881115434869e+01 -1.702718493995610416e+01 -2.714738863052539841e+01
7.346533978273100729e+01 1.331673782430089048e+01 -1.043860602049163901e+02
1.973519195262472792e+01 -2.867796262022640974e+01 -3.082697658191115764e+01
2.094105494438862536e+01 -2.908127209512359812e+01 -3.016502255889637851e+01
7.743038588348851725e+00 -6.448152258164241424e+00 -1.837747190733836433e+01
1.758053368634355706e+01 -4.339858560381010477e+00 -2.504946097016985718e+01
8.658451094981050034e+00 -5.018548233039036965e+00 -1.839935728942496240e+01
2.641831475630980108e+01 2.200814391830801853e+01 -3.120659818954420928e+01
3.739070947821898017e+01 1.754643481305577524e+01 -3.343001662469212931e+01
2.119303692133530248e+01 3.798219332121383296e+00 -2.209756830012078410e+01
5.368171036948504593e+01 9.586053418939411586e+01 -4.659159059880253295e+01
4.970427924948811693e+01 8.638533786045827867e+01 -3.757057965327011573e+01
4.528168228332436485e+01 7.619508302436749148e+01 -3.057562970768437083e+01
2.454678708311858770e+01 -3.899595624609676037e+01 -3.206861081999394258e+01
1.585512122894824927e+01 7.344396374847873687e+01 -2.110262166620252700e+01
1.727568346775212049e+01 8.844597701527570166e+01 -2.396305503360676781e+01
1.935359923114717162e+01 1.045298033188539080e+02 -2.789359169023205354e+01
4.649777296438053042e+01 3.963906645840334164e+01 -4.105294070565663134e+01
6.214291141037325872e+01 3.299874874729717789e+01 -5.092140169537378114e+01
1.884279146261427229e+01 4.144387709318326074e+01 -3.729937685004797032e+01
5.500301500082074568e+01 5.201471077373835783e+01 -4.413929222416155795e+01
1.483173221676726250e+01 3.054503888794641853e+01 -2.655674367629439914e+01
1.607628905777843187e+01 5.118914692513698128e+00 -1.015796850139707885e+01
6.913878009768431809e+01 2.866923214602324066e+01 -5.833330948858733933e+01
5.765902312544283603e+01 2.752372100651627207e+01 -4.487830781694028559e+01
4.910244413787228979e+01 2.449351686647746007e+01 -3.859845097389786872e+01
3.622449907745139797e+01 2.542524716554742170e+01 -3.576873516166386224e+01
2.686528739368351282e+01 2.822178261974431024e+01 -3.419819521993556322e+01
1.994960613608931155e+01 3.143951137497904114e+01 -3.245283831030277355e+01
5.691375142513479091e+00 3.979196571618682299e+01 -1.988396357863917174e+01
6.796675801566921393e+01 1.357339484669845220e+01 -5.656306979175050742e+01
6.059448815158516766e+01 5.374577671977657900e+01 -4.748588286945946635e+01
3.261181853345437531e+00 -3.209569569634073360e+00 -3.774227625652921692e+00
1.857824269085625701e+01 1.862474316086043302e+01 -2.615933359757102394e+01
7.532136057107173599e+01 4.430405276830403949e+01 -9.865213626968758831e+01
1.472511603175228068e+01 3.521199213906158576e+01 -3.150228905114715161e+01
2.176470071460770228e+01 3.608602195536779078e+00 -2.848868820662085710e+01
5.143400279763717009e+01 4.660079511974631572e+01 -4.614800398334141818e+01
1.636491746656248480e+01 1.006038901884016923e+01 -1.248267368782627962e+01
7.111274594658939918e+01 -3.609273132115727645e+00 -1.017798646770404503e+02
1.880518793110407572e+01 4.419113578403834453e+01 -3.878528579444441249e+01
1.125228774306597934e+01 1.421825309748310495e+01 -6.146038454673298901e+00
5.246433331005497536e+01 -3.931068978410267789e+01 -5.990653820124376239e+01
5.210611111978743537e+01 -4.594412873222347571e+01 -7.229615781356000070e+01
7.385609350584893207e+01 1.314082335248297539e+01 -8.047346072384195281e+01
6.055471563440612925e+01 -2.973089239108796278e+01 -6.820915184987526914e+01
7.048426799928473940e+01 5.711834288637416535e+01 -6.961362144662439277e+01
2.693661152262479419e+01 -6.133836690070179287e+01 -4.072517741813353354e+01
2.466974784068618032e+00 -4.466257586246165978e+00 -1.244557700676598522e+01
2.452896349879993565e+01 1.357959374842719846e+01 -2.868384079947056975e+01
6.792393697069302050e+01 4.262337581650810847e+01 -6.049765815345872966e+01
4.054425458515630254e+01 4.228060733260016235e+01 -3.853570553289979017e+01
3.486231429591961017e+01 4.150570908711862472e+01 -3.686646472442571820e+01
2.405903857485553488e+01 -3.122151912646078387e+01 -3.138231081011453583e+01
6.617832689575224947e+01 -3.221622478601680051e-01 -5.882686163851096239e+01
1.541287612623160719e+01 -6.997946242848037457e+01 -4.288700547580592115e+01
3.412795097935358513e+01 -6.087765240108432607e+01 -5.543304019978517516e+01
4.236810517143189969e+01 -5.490689519048154210e+01 -6.269056596315708418e+01
2.923170690143812323e+01 4.179664063120043238e+01 -3.655968772740033756e+01
2.392390455699184670e+01 4.285533050665006982e+01 -3.742357222228910274e+01
2.049547258905625213e+01 4.349474805020619073e+01 -3.875044075840161639e+01
6.540889758969369439e+01 5.558915085048814575e+01 -5.416664896812487484e+01
2.456795054771668063e+01 4.913330733486939295e+01 -3.610807640396172502e+01
3.031737592287807104e+01 5.123036334605124864e+01 -3.518878090801194958e+01
3.613308528843596434e+01 5.174275353039772085e+01 -3.563334745631524925e+01
4.197248360122293320e+01 5.079982506580429913e+01 -3.731406878122559334e+01
4.563734366947157639e+01 4.913038266415023969e+01 -3.947452148992312715e+01
7.406664303651503189e+01 6.053837132052491654e+01 -8.764415225495201867e+01
4.442828585307360356e+01 4.354980327305354848e+01 -4.072327609658984926e+01
2.093886499184841199e+01 -1.348718461132154545e+01 -2.419813831977562657e+01
1.515952019084661551e+01 -3.437414997976075970e-01 -1.669747064938558267e+01
8.893727498366471806e+00 -1.150975875293622686e+01 -1.860628533877871860e+01
4.384850968150254147e+01 -4.818157830823508903e+01 -5.379501146158236224e+01
3.566074648101959355e+01 -5.476888826916196962e+01 -4.768801080727455144e+01
1.592567130580669144e+01 -6.634392297219943657e+01 -3.460956255505572443e+01
5.968859541250214562e+01 -3.545589110602244887e+01 -8.454780172814055561e+01
2.054823045495152201e+01 4.616599509630611209e+01 -3.765139394650859828e+01
1.021179813628167743e+01 2.817594157500204233e+01 -1.774203629789124292e+01
2.547748662438995382e+01 -6.614318977634150087e+01 -4.785131520758208268e+01
7.139521752743821992e+01 -2.220160627158201727e+00 -7.968653843484547394e+01
1.275805283263103540e+01 -2.951339229219098570e+01 -2.550532379911516756e+01
1.378829991366393593e+01 -3.121007381274808523e+01 -2.445190341006184909e+01
1.490327992388521672e+01 -3.397870003591572186e+01 -2.340260029600640834e+01
1.580627729683206617e+01 -3.748586506157508325e+01 -2.436693618891961677e+01
1.810268288098250267e+01 -4.294556629665591885e+01 -2.961521784233596932e+01
2.068341951597581030e+01 -2.805733262287657226e+01 -2.996068317067967257e+01
2.256980094230747724e+01 -2.767081344442550872e+01 -2.989342680126232921e+01
2.449968405504735358e+01 -2.667151638529550439e+01 -2.987242943469592049e+01
3.136978314850470895e+01 -2.222253948784662825e+01 -3.132822838995727821e+01
5.744590266726751082e+01 -4.757567576627366179e+00 -4.548861352305947037e+01
1.019245427161516560e+01 3.563407693780278862e+01 -2.368375689678571305e+01
1.365404741142456757e+01 4.975433498593039161e+01 -3.419555909674392780e+01
1.763494490099131085e+01 4.836009958661516350e+01 -3.652825634933178378e+01
1.929858645033949216e+01 -2.714885695104245400e+01 -3.056235990580147543e+01
5.763522220731793766e+01 -2.081088906694050422e+01 -5.540567510986370792e+01
7.891115350332452927e+00 5.044880667659621309e+01 -2.613022705744635843e+01
2.220982873275494285e+01 -4.910826634945117064e+01 -3.362564287379104400e+01
5.531079712817075666e+00 3.174683038959596004e+01 -1.345346288412092584e+01
1.466778736685978402e+01 1.673794837618281406e+01 -1.799831724319352233e+01
1.243397329014063857e+01 -5.284317305814013821e+01 -3.042500203326374475e+01
3.612508785419718293e+01 -3.703208349896944185e+01 -3.922188815541156970e+01
2.749902215443894704e+01 -1.507331323122192979e+00 -3.007522547546790292e+01
2.989171763968153783e+01 -4.398270361583594479e+01 -3.655638296623776284e+01
4.321468702465178069e+01 4.850178243238838505e-01 -3.274411314774630455e+01
3.380246078092075379e+01 -7.950427220750736268e+00 -3.095139808677835092e+01
4.856426315939896199e+01 -1.043182148283132094e+01 -3.772406377443427061e+01
1.491026537892576265e+01 -6.040960864462962121e+01 -3.105906795052869285e+01
1.835515245886379532e+01 1.275590993137130447e+01 -2.266189093457485626e+01
4.185059433025949716e+01 -4.146275540314143626e+01 -4.585125796336048865e+01
3.381210397421592262e+01 -4.873268934429439270e+01 -4.205970276020440224e+01
4.107628512720720693e+01 -2.874595847249897318e+01 -3.964288795237901297e+01
6.398374463933780731e+01 -1.199477546492537705e+01 -6.131650936444565758e+01
4.947679254531823290e+01 -2.896006536294109068e+01 -4.640697049249745731e+01
6.758696678596223251e+01 -1.642668698068490585e+01 -7.698432997951748291e+01
3.876517395472735217e+01 -1.674129381735252409e+01 -3.389744137740630947e+01
1.431973201062035095e+01 2.350792537883692290e+01 -2.228765336566678457e+01
1.398945061169367676e+01 1.786979803761730601e+00 -8.722837529341100904e+00
1.778576573288436791e+01 2.702543972382083215e-01 -1.591384415111782857e+01
1.144101555005446968e+01 6.591284351957039434e+00 -4.195699073866298257e+00
1.909920031665462048e+01 5.658611139697506331e+01 -3.193544082997055611e+01
2.981828408637858274e+01 6.085358662953077413e+01 -3.115763180681444311e+01
3.911645250444419020e+01 6.170559798649551908e+01 -3.187697310458458233e+01
4.676087849238023608e+01 6.063592498333681391e+01 -3.468018785177401497e+01
5.212008684291135552e+01 5.760686734343827453e+01 -3.883554646483604955e+01
5.609510291112662372e+01 4.516690713875913588e+01 -4.896469929129525411e+01
7.503747774640714852e+01 2.818557377160285071e+01 -7.875430869609397178e+01
5.132053653803829718e+01 3.464522184366805391e+01 -4.365446399453281145e+01
4.459103512938521163e+01 3.226544551097455127e+01 -3.967238702646854875e+01
3.574515712268080847e+01 3.208230223578829765e+01 -3.687475340502440702e+01
2.735747576100655465e+01 3.356573200652815103e+01 -3.536870818748997891e+01
2.088543370236861918e+01 3.581264928060726760e+01 -3.541015086905893838e+01
1.638234989681752296e+01 3.812092145552210809e+01 -3.484580438263714086e+01
7.448993628942062628e+01 2.898740419685010750e+01 -1.036537704170705325e+02
1.744876397463650264e+01 -1.457052754621144697e+00 -1.918558716945507570e+01
1.023566029800772093e+01 2.142821076477331488e+01 -1.278226908211734347e+01
9.688812830154919453e+00 1.318533108233031825e+00 -3.724658549289630471e+00
6.207105646965063173e+00 -1.923357235187667325e+00 -6.411093674557400313e+00
9.576088027137299008e+00 2.751184993502014398e-01 -6.900899339976111158e+00
1.563086283652093655e+01 -3.472109574461264891e+00 -2.139745535427837453e+01
5.194966837826926032e+00 -2.660148177189056717e+00 -4.689846292240787307e+00
4.412066020299237223e+00 -3.955524895988897782e+00 -1.242680763352689688e+01
1.646168562179446937e+01 4.369545793456018146e+01 -3.787472771845597208e+01
1.276495606941375627e+01 4.206139756930873830e+01 -3.403001200190778519e+01
1.070642043504606278e+01 4.087337306439649609e+01 -2.979960399711881180e+01
4.777317136086077909e+01 4.783875365510812827e+01 -4.184520710632769891e+01
5.113259031573697655e+01 5.092992499620346791e+01 -4.216474608152981318e+01
