-2.184334506108627227e-01 -2.065086295384332615e+01 -1.620490547676179105e+01
0.000000000000000000e+00 0.000000000000000000e+00 0.000000000000000000e+00
-9.007642459943349111e-02 -6.277099479490043876e+00 -1.689367815123160455e+01
-5.771769870721502826e+00 2.382368168068247982e+01 -7.925931524249762106e+00
-2.629192484501485794e-02 7.148963706060511569e+00 2.447996861776985167e+00
-1.201848189548413437e-01 1.685499172283041602e+01 9.955205475609409105e-02
-1.531526549698074557e-01 4.032518840156247819e+01 -1.677421644206903650e+01
-4.833525275825492429e+01 4.380365586005054723e+01 -4.183389478653223392e+01
-2.151220803658455694e-01 5.993787832951989714e+01 -2.063401780951725684e+01
-2.161401026080826959e-01 6.979913867784463832e+01 -1.875213588873454995e+01
-4.462081831208708493e-01 1.017915673687808891e+02 -2.425342217406753065e+01
-2.362091880930732302e-01 -2.392808368694589305e+01 -1.714038441145927294e+01
-2.556247005613798695e-01 -2.642749153444418297e+01 -1.959980400423732405e+01
-2.232888845555864865e-01 -2.749439111736364083e+01 -2.263391173041559412e+01
-1.183279661449834208e-01 -2.895539378780722473e+01 -2.342925669707598502e+01
-8.398987030217330840e-02 -3.190478797399605426e+01 -2.259674463241305986e+01
-8.245197524340053263e-02 -3.562064843286769644e+01 -2.162477311085923759e+01
-5.094161701224986238e-02 -3.927244903834762368e+01 -2.307303832421361989e+01
-1.921390869082362229e-02 -4.472616005065717815e+01 -3.021736570834136515e+01
-8.423351512610804948e-02 -3.417108687889202301e+00 -3.468481499967143389e+00
-5.719125760071967157e+00 -2.632046853793672092e+00 -1.241945956871505530e+01
-7.164724537062205911e+01 7.166731052560690785e+01 -7.227321922117641861e+01
-2.909589300474270246e+01 3.715720511358563982e+01 -3.488243526940271266e+01
-3.565745824367692762e+01 3.667897078873166095e+01 -3.551597044380700652e+01
-4.195511710367269131e+01 3.709400146613374716e+01 -3.750518311962695606e+01
-5.047091416684272502e+01 4.138845039731177167e+01 -4.302999085035718707e+01
-2.361277566371478187e+01 3.888557642084823840e+01 -3.581560627194910040e+01
-3.806019066008149565e+01 5.524667662462435658e+01 -3.219316128982375602e+01
-3.105885316881496649e+01 5.447787463132265628e+01 -3.210563126165399694e+01
-4.456076232376666724e+01 5.443609149547084769e+01 -3.459479829054819788e+01
-4.896053137122236620e+01 5.215234993612014591e+01 -3.732043124895127306e+01
-5.551695147889401483e+01 3.686517026045194001e+01 -4.659369220161043046e+01
-2.351673139335508012e+01 -5.409781909972276992e+01 -3.789287897075379874e+01
-5.068483828411508085e+01 4.573069840487067950e+01 -4.403815646381636384e+01
-7.439528741955085422e+01 4.193529240968645411e+01 -7.587795616100567031e+01
-6.279186494480451586e+01 4.251968114683965183e+01 -5.321631249908148220e+01
-3.258955186493091816e+01 7.908223122725217991e+00 -3.011116790197754156e+01
-7.489276269635960048e+00 -1.965385332364230564e+01 -1.713641260186370729e+01
-6.160624778857676453e+00 -2.631353852850886454e+01 -2.047198169887162322e+01
-1.487285723266611370e+01 -2.193095666958878454e+01 -2.085887610150071581e+01
-1.933186359547452327e+01 -2.466997096587198968e+01 -2.506709530639685823e+01
-1.131238698153998357e+01 -2.681631204658271272e+01 -2.264808975884862008e+01
-1.527407580531550302e+01 -2.752593690262996162e+01 -2.662369416009827816e+01
-2.733992695224843672e+01 -3.427586916169322251e+01 -3.530487495619016869e+01
-5.333179203909912403e+00 2.055161705903672531e-01 -5.696424136580129360e-01
-6.291542484060319573e+00 7.119250777527747154e+00 1.646153752783042545e+00
-5.927466929270740792e+01 6.132306819202529624e+01 -3.993822965379986556e+01
-2.004255257431454140e+01 2.528834556993210114e+01 -2.854952622427041931e+01
-1.972833277211287850e+01 2.539963678853879969e+00 -1.650220090756486968e+01
-2.035974752668745680e+01 6.472632348011660319e+00 -1.830377865426413209e+01
-5.223237249339472754e+01 9.056901129918919935e+00 -3.849161631070266054e+01
-6.076973382828122716e+00 1.612350740775428548e+01 -1.943966995637830264e+00
-4.453562155916591081e+01 6.875274389031366695e+01 -2.839437617501237909e+01
-5.323275651121852547e+01 6.648016672479789690e+01 -3.379221766258755366e+01
-6.564095432513776984e+01 8.360493614258919592e+01 -5.872010975411846090e+01
-1.544513707294197147e+01 6.209801772739252357e+01 -2.259259447745115423e+01
-2.485314156043081368e+01 5.200903913265990752e+01 -3.397163715639258896e+01
-3.210383797119177274e+01 -2.826522990803857383e+01 -3.648418428545686254e+01
-6.539455945454211871e+01 -1.963932665908070518e+01 -9.644025274823715677e+01
-1.487348394345255898e+01 -1.296037697550898038e+00 -1.902759983346588868e+01
-9.621068218709794451e+00 -3.239263482903390834e+00 -1.881389554008541865e+01
-2.404047635858418275e+01 -2.865370734641269834e+01 -3.517583579423190088e+01
-2.118494579668644917e+01 -2.802862781991184704e+01 -3.327221450826336024e+01
-5.702174300059056833e+01 7.147380405181753815e+01 -3.665204853315015754e+01
-1.968913979750978527e+01 -3.336444232144940569e-01 -2.023676619196154647e+01
-3.244606690425550255e+01 6.794313323879914890e+01 -2.440234825461019597e+01
-3.367907755841923745e+01 7.379960823961258143e+01 -2.282117542769052676e+01
-3.950222861429832477e+01 9.877870920486353157e+01 -3.265041804045945639e+01
-6.144822217307320500e+01 7.751794956429341710e+01 -4.581162913250976487e+01
-3.588367778280954923e+01 8.621515509005917011e+01 -2.710398553505790886e+01
-6.333984467638870797e+01 6.470430737627479800e+01 -4.542784619765336629e+01
-6.761313188349573977e+01 6.765270446693241979e+01 -5.770173061586719143e+01
-6.971130032751242211e+00 -2.350252231154688687e+01 -1.796031527780828085e+01
-1.291308149034505703e+01 -2.496730349661399728e+01 -2.132357488129570555e+01
-1.730637352047374122e+01 -2.625317774070386179e+01 -2.528044127994189694e+01
-1.314980421714407655e+01 -2.428694222137712799e+00 -2.068965895785776254e+01
-2.248262890492835098e+01 -2.848955596784703914e+01 -3.421698539327735489e+01
-2.031349813967458218e+01 -2.946521786201637383e+01 -3.049216951260870445e+01
-2.072063524607872864e+01 -2.745793441527666090e+01 -3.311125595733726357e+01
-1.192894532076006087e+01 6.943489257206607590e-01 -9.991385141580858331e+00
-1.400046951300076969e+01 -2.706529174140174732e+01 -2.771462800027020279e+01
-9.976352237141725254e+00 -2.708871456304190417e+01 -2.524172919600180975e+01
-5.318176869169572107e+00 -2.726275835476218745e+01 -2.325298042687920130e+01
-7.966831621903701866e+00 -4.452527363253300763e+01 -3.034746273567386154e+01
-7.387990448852839620e+00 -3.869830358101183521e+01 -2.332516919221677298e+01
-7.058821540842743048e+00 -3.480191207436539003e+01 -2.214843131252014174e+01
-6.511119744587100300e+00 -3.125350249474396236e+01 -2.320387955263987578e+01
-5.914121249007304293e+00 -2.877580573736324254e+01 -2.407714290574158156e+01
-1.517992121199786126e+01 -2.819644902676517617e+01 -2.827389250195431458e+01
-1.611878550414206046e+01 -2.910762180675217792e+01 -2.732884549214481495e+01
-1.751085445526929618e+01 -3.094652916541064869e+01 -2.643502562659010380e+01
-1.881415840391796479e+01 -3.321058674600610772e+01 -2.764538620995494256e+01
-2.560229612710189073e+01 -1.692491481265912867e+01 -2.719649809559972198e+01
-7.332938450738821246e+01 1.361744260661930461e+01 -1.046909325100710220e+02
-6.092043713783876213e-02 -4.456040510373130203e+00 -1.220132804711547259e+01
-1.776688936957116027e+01 -2.807804048880917591e+01 -3.100381869229486398e+01
-1.888756678898415942e+01 -2.855840559482952656e+01 -3.042130471880134479e+01
-7.547867426978067229e+00 -6.187043195220213398e+00 -1.860198968801634933e+01
-1.734656091372798414e+01 -4.335304070645284114e+00 -2.520442929635287754e+01
-8.526429408830464851e+00 -4.809927910831095943e+00 -1.861182953124873407e+01
-2.675400231854725064e+01 2.132963051582999370e+01 -3.099992865737940306e+01
-3.740613221390010068e+01 1.677497638023170623e+01 -3.333954488389846915e+01
-2.120756630289239553e+01 3.579378116654768682e+00 -2.213641477953726522e+01
-5.564062909553537395e+01 9.285450988119784199e+01 -4.469095282790823376e+01
-5.157902419627711055e+01 8.413803575772665511e+01 -3.583170899230680817e+01
-4.708699273795136264e+01 7.458702126553954770e+01 -2.908471279708292201e+01
-2.247846785109328493e+01 -3.827540887546424386e+01 -3.274055951202987558e+01
-1.754141211080308338e+01 7.153302643363022639e+01 -1.956348345691752399e+01
-1.927965326697581716e+01 8.574176491349717821e+01 -2.209908310303701384e+01
-2.163304743416730247e+01 1.012824024969860375e+02 -2.568774068644948372e+01
-4.738940467158749925e+01 3.862239407205524344e+01 -4.046074497207129639e+01
-6.240608277311496010e+01 3.194358167778275615e+01 -5.034934943510799599e+01
-2.008372844759977838e+01 4.067433299090217957e+01 -3.663341658752533903e+01
-5.597952296730893096e+01 5.091304098192155436e+01 -4.330840705967710136e+01
-1.555342825173416088e+01 2.976415568723272642e+01 -2.612496218660625757e+01
-1.619729151642887643e+01 4.918999814912552893e+00 -1.004598607104343344e+01
-6.913788725238174493e+01 2.777089038668925980e+01 -5.792456733556640103e+01
-5.787884327226436909e+01 2.642946640378328027e+01 -4.442734420795191852e+01
-4.928813333697114984e+01 2.338018731608753598e+01 -3.827457649918343918e+01
-3.663141975076523948e+01 2.451100770777422611e+01 -3.546799172035847647e+01
-2.745086420183790921e+01 2.743515614170522809e+01 -3.382136432987866925e+01
-2.067504986529943167e+01 3.066975659796453613e+01 -3.203051275079587157e+01
-6.569583867895012474e+00 3.864977390461955054e+01 -1.926891034351372411e+01
-6.747521115638896561e+01 1.301363760541348924e+01 -5.651673063319660884e+01
-6.147457304677873680e+01 5.265164666099705926e+01 -4.648469816081824746e+01
-3.233778006595402488e+00 -3.035128846220302989e+00 -3.823268570438465019e+00
-1.898317496528256143e+01 1.810109918215671954e+01 -2.600948324855206906e+01
-7.578668395155291648e+01 4.338026560503798379e+01 -9.823932541917316996e+01
-1.559452528675113392e+01 3.438028150628608159e+01 -3.097337519316359433e+01
-2.178540282312871668e+01 3.383584469388583926e+00 -2.855284371511097063e+01
-5.255156823630544949e+01 4.556097468469731382e+01 -4.538953799800899702e+01
-1.663035367763706773e+01 9.687158648806311945e+00 -1.233009108553970989e+01
-7.062856844607817663e+01 -2.627117362546975254e+00 -1.024208811943653359e+02
-2.019313130262313649e+01 4.334554101787034597e+01 -3.805435999984992890e+01
-1.163320075582953095e+01 1.371187602951975748e+01 -5.908138940694993124e+00
-5.096131942090758571e+01 -3.807881672361738623e+01 -6.096068071612718597e+01
-5.071399716462763507e+01 -4.410425168161763310e+01 -7.380659627218933849e+01
-7.347890828591530976e+01 1.307106903127057151e+01 -8.047313271057734596e+01
-5.921894789083970068e+01 -2.853049403318498989e+01 -6.911728819970038273e+01
-7.119057316930609147e+01 5.568500782154139017e+01 -6.862916621948390627e+01
-2.486203257410538470e+01 -6.003525756106785849e+01 -4.235668023638923785e+01
-2.475783882860361551e+00 -4.193212826952434469e+00 -1.265765436099443875e+01
-2.468779421937588836e+01 1.310596196377990275e+01 -2.858469877020649363e+01
-6.837420805951315117e+01 4.152301848841625542e+01 -5.981567690214689037e+01
-4.165437361478787892e+01 4.128143566752967075e+01 -3.781619185182184850e+01
-3.592330633890188096e+01 4.053882993068076956e+01 -3.616107982381227970e+01
-2.191460978443945251e+01 -3.079418687088938356e+01 -3.161059925233877621e+01
-6.527521265255842309e+01 -3.423126643355054455e-01 -5.906991389764232281e+01
-1.328619256885370348e+01 -6.861542040110643370e+01 -4.501045477060334576e+01
-3.237589669916886947e+01 -5.914051907675143127e+01 -5.713180092798017995e+01
-4.078370185528660130e+01 -5.309057251910748221e+01 -6.421788575883229555e+01
-3.151765652983087307e-01 8.519799358296512537e+01 -2.070835118880249226e+01
4.540679724224405689e-02 -6.999316366014294033e+01 -4.319350724890567506e+01
-3.036291973115169185e+01 4.087185148763357745e+01 -3.589105015095766049e+01
-2.516092377854100448e+01 4.197295763551094439e+01 -3.675481782007187093e+01
-2.179582288975082704e+01 4.269175431258302211e+01 -3.809838089727416133e+01
-6.622816241036416329e+01 5.437151252543544899e+01 -5.321000086035149224e+01
-2.591781428242973817e+01 4.779019126754180036e+01 -3.528025096237234948e+01
-3.174738855784757163e+01 4.957973380108806793e+01 -3.435115909855756655e+01
-3.759338391060388318e+01 5.005900450438055316e+01 -3.466584902154977499e+01
-4.339606544100205809e+01 4.922194208172365393e+01 -3.646095145869126242e+01
-4.701257709736927382e+01 4.770508272767956015e+01 -3.867460832668196247e+01
-7.485396430648154364e+01 5.896270030073702628e+01 -8.675530504738159721e+01
-4.558636289398253183e+01 4.249892296454314078e+01 -3.999665626986048750e+01
-1.208977739547739683e-01 -1.050308293925009195e+01 -1.832023905833868582e+01
-2.019822875824146635e+01 -1.336041528502636311e+01 -2.436845062974157017e+01
-1.509571901032701646e+01 -3.121453087792067649e-01 -1.663883438512224799e+01
-8.405591270896202616e+00 -1.120498822458717925e+01 -1.885377652547730065e+01
-1.775360267584922269e-01 5.023672314243721360e+01 -2.108035173719470023e+01
-4.227452763043606154e+01 -4.676036043698360345e+01 -5.497600872646729186e+01
-3.389945168285902355e+01 -5.338292409328316523e+01 -4.905274824980684656e+01
-1.369395810985034245e+01 -6.504947498092040803e+01 -3.650775906025008766e+01
-5.856046132885075650e+01 -3.368449094491928264e+01 -8.592261522402293394e+01
-2.192903228650438407e+01 4.514664551412011662e+01 -3.692329958329441553e+01
-1.091086306997855182e+01 2.738508466568066879e+01 -1.732007251415884852e+01
1.131902718430244370e-01 -6.631848779184596765e+01 -3.495771656721333187e+01
-2.345574833258776337e+01 -6.461239725717500448e+01 -4.978187915469525393e+01
-7.066614741632315599e+01 -1.705285098680216604e+00 -8.007327435726327280e+01
-1.098814056026386332e+01 -2.837072737112963239e+01 -2.596915549419940206e+01
-1.195044953530426035e+01 -3.011592199331369812e+01 -2.487437284559565853e+01
-1.297566441498508105e+01 -3.289382799413682079e+01 -2.391611975377730914e+01
-1.379074393208399130e+01 -3.639910278888824280e+01 -2.500512737813434683e+01
-1.597848717156169052e+01 -4.190278471199997767e+01 -3.060877470940923217e+01
-1.871258475166959201e+01 -2.789880443059997006e+01 -3.010981341972067327e+01
-2.064451141603325013e+01 -2.755483302568078230e+01 -3.005531510094285252e+01
-2.258979324758895402e+01 -2.664535930095725291e+01 -2.995296468073849638e+01
-2.988374676893010573e+01 -2.221571957750520099e+01 -3.138806277537780431e+01
-5.635704824575222460e+01 -4.896501737036160762e+00 -4.581302225712775567e+01
-1.103590259343615188e+01 3.466914261304008704e+01 -2.314108549445775154e+01
-1.499317593462800247e+01 4.857105363630866890e+01 -3.320484326237237838e+01
-1.905269025252751902e+01 4.713563565438324332e+01 -3.575053248450353749e+01
-1.746573393287127729e+01 -2.695413924190800969e+01 -3.082120030451520165e+01
-5.627384360944348174e+01 -2.023854279440931947e+01 -5.601156614724855132e+01
-9.041744007491402613e+00 4.913807454171641353e+01 -2.529802719986571802e+01
-2.013354996766204152e+01 -4.798578029179664384e+01 -3.478652741961892758e+01
-1.281534258543230997e-01 2.484093485825457392e+01 -5.694661072881067376e+00
-6.336692998209542793e+00 3.083663180580413865e+01 -1.290814482863879498e+01
-1.531306900267364046e-01 3.225776904907061038e+01 -1.138208371946837971e+01
-1.512381178410879023e+01 1.624432479269764684e+01 -1.774805325943180279e+01
1.308170631418934526e-01 -6.013777352976591573e+01 -3.103379120822994963e+01
7.703940542593823437e-02 -5.206599876076063538e+01 -3.074473262795288164e+01
-1.032750709812665946e+01 -5.154506991060147669e+01 -3.188560646752619121e+01
-3.447416595862002708e+01 -3.643214894979401208e+01 -3.969540929957545927e+01
-2.729124864268425199e+01 -1.680750274278485890e+00 -3.022298260741363407e+01
-2.799485080832288375e+01 -4.307168147534268599e+01 -3.742772453880267136e+01
-4.252083580219746040e+01 1.278574025066112618e-01 -3.295523587241603991e+01
-3.315366338697867121e+01 -8.027935758543829792e+00 -3.108720826697117445e+01
-4.738418243189201462e+01 -1.047797734565548211e+01 -3.803746698245975466e+01
-1.265936844291807262e+01 -5.913328353083402078e+01 -3.265221539185179722e+01
-1.866931544054001080e+01 1.236636224405237705e+01 -2.246256063275406234e+01
-4.026154637945955983e+01 -4.052792550250136827e+01 -4.667746176682074122e+01
-3.197494457964149461e+01 -4.767830361735175870e+01 -4.313884464809746078e+01
-3.954455251527533477e+01 -2.847604645625137465e+01 -4.003295082549651340e+01
-6.281504327696894308e+01 -1.152279865959305916e+01 -6.178909636010862982e+01
-4.797149377385981950e+01 -2.839570678017266303e+01 -4.701520774882187936e+01
-6.648530445051224547e+01 -1.547200685323638680e+01 -7.769338605788814789e+01
-3.755510306574220891e+01 -1.684373616489288139e+01 -3.407935719149791964e+01
-1.489958336685252149e+01 2.288647320937899465e+01 -2.194075909981851424e+01
-1.399748629187034155e+01 1.758421642079811775e+00 -8.687856572402681721e+00
-1.771749428797364345e+01 2.146005719238818221e-01 -1.591289245813483433e+01
-1.164969583797353536e+01 6.328966462176059515e+00 -4.031104637980906347e+00
-2.068677765368158106e+01 5.508059439104755484e+01 -3.086698947178055619e+01
-3.136983979705822634e+01 5.917944559253113113e+01 -2.998655575296730547e+01
-4.047265881811940602e+01 6.006978415021549011e+01 -3.075482431300498831e+01
-4.802424225625814103e+01 5.921679986403677276e+01 -3.362760621621468715e+01
-5.324569201028907628e+01 5.638554383245657675e+01 -3.785295210242011876e+01
-5.696813078953049825e+01 4.413043028348627672e+01 -4.822744514631867219e+01
-7.494222486960710228e+01 2.758047737936546540e+01 -7.843871163592228868e+01
-5.192802231006088221e+01 3.356035709968418956e+01 -4.315928926617293371e+01
-4.514370401449855308e+01 3.119332632563103047e+01 -3.920278277103082587e+01
-3.640207128222699140e+01 3.114179038357110940e+01 -3.647576924463597692e+01
-2.816629885631429886e+01 3.272944847567985249e+01 -3.491040884988613158e+01
-2.178455748429785288e+01 3.505138100318544758e+01 -3.488438161903147261e+01
-1.739008200016968786e+01 3.732249504504579107e+01 -3.427478086243377220e+01
-7.467189957798477451e+01 2.869421289088772298e+01 -1.036220909056748383e+02
-1.736128460211516256e+01 -1.452321917557160447e+00 -1.921514744178512402e+01
-1.080799811926238085e+01 2.076428378488578730e+01 -1.250421288054647384e+01
-9.738729925387389130e+00 1.271838311248934872e+00 -3.669860153283813986e+00
-6.226275662059433280e+00 -1.772176202557110614e+00 -6.441417650990145738e+00
-9.643465353385991534e+00 3.375325099818087815e-01 -6.870609420690661828e+00
-1.543831121944552542e+01 -3.383824945095405212e+00 -2.152880358028362906e+01
-5.142258101752916311e+00 -2.518149649280850610e+00 -4.758731762809535581e+00
-4.399431920145099539e+00 -3.689172131039755609e+00 -1.255083377842225190e+01
-1.779181990318490136e+01 4.284845588782882686e+01 -3.719892809069702366e+01
-1.388471837666807218e+01 4.115337986711308815e+01 -3.335639067806124558e+01
-1.170914284306720354e+01 3.986325787413728960e+01 -2.913556951381675475e+01
-4.910457638968156147e+01 4.659730606455876512e+01 -4.102427781110980476e+01
-5.224732930155978750e+01 4.972116923450771964e+01 -4.132885173938926471e+01
5.486703575295800661e+00 2.381964719351388027e+01 -7.956034332171490142e+00
4.716258156718312478e+01 4.380070245088474934e+01 -4.187538976643772060e+01
5.469631904089170327e+00 -2.655311475197078330e+00 -1.245265058707304284e+01
6.971107376615954365e+01 7.152663434620161809e+01 -7.245113344031564395e+01
2.802957976978905208e+01 3.713607889140796203e+01 -3.494935823979996314e+01
3.456283992302932973e+01 3.669195100810305377e+01 -3.562822938263744277e+01
4.081341541199154932e+01 3.710233095372799283e+01 -3.755460840756806817e+01
4.919022327733971878e+01 4.140259228016279280e+01 -4.312426954968687909e+01
2.262930140729684325e+01 3.883989568182894203e+01 -3.582791128604620212e+01
3.693921993430926420e+01 5.519538394301239492e+01 -3.221849448447743214e+01
2.985632202666608492e+01 5.446646869143854985e+01 -3.205162116768027403e+01
4.348259030535896841e+01 5.434504230968811100e+01 -3.460331778473496200e+01
4.781869317517991647e+01 5.205974186534267290e+01 -3.735224566342735386e+01
5.419922350572780090e+01 3.685346334325124928e+01 -4.654271632566751293e+01
2.352717552739766660e+01 -5.397830782688424733e+01 -3.792068532076076082e+01
4.944635222098750660e+01 4.573069840487067239e+01 -4.403815646381635673e+01
7.254667986823390891e+01 4.197869437557105954e+01 -7.594091874854582613e+01
6.138427104151194413e+01 4.251864780772846331e+01 -5.319252541270426349e+01
3.183007892777396819e+01 7.926255671947330939e+00 -3.006610826788449131e+01
7.034023824367184652e+00 -1.964480496525106545e+01 -1.713291159434603728e+01
5.648830148939023132e+00 -2.630468262438504468e+01 -2.044669525877226945e+01
1.433637476898595686e+01 -2.198092467241179548e+01 -2.081238684986409027e+01
1.866027407202978239e+01 -2.471940495251833880e+01 -2.511064201157381959e+01
1.073242353682844019e+01 -2.685721574752949792e+01 -2.267552311590829461e+01
1.463578733517006469e+01 -2.754999922292658354e+01 -2.664422519732717731e+01
2.684983471975501601e+01 -3.428046660649922472e+01 -3.530004003747421848e+01
5.244393906652623727e+00 2.465271650007199999e-01 -5.758558063976890740e-01
6.172008514618934072e+00 7.162401657797082599e+00 1.700376604217240573e+00
5.814360801560852110e+01 6.117559503442929270e+01 -3.989044374728820230e+01
1.929601486439675284e+01 2.527190077357450804e+01 -2.860460609652489694e+01
1.931264843246636076e+01 2.567279359835215491e+00 -1.657840861367142793e+01
1.983432536982980565e+01 6.495327380051335808e+00 -1.835139504368461516e+01
5.117587098491036812e+01 9.124878593762671741e+00 -3.841337117108678711e+01
5.863480431005090310e+00 1.614365297672533828e+01 -1.979968198727199757e+00
4.375611450990138707e+01 6.850864624717897300e+01 -2.827629243160808059e+01
5.232522270983031376e+01 6.623065393737398665e+01 -3.374935956298631368e+01
6.400373515937911861e+01 8.345312213382712230e+01 -5.886741902042111008e+01
1.482764617628271964e+01 6.199423089455859781e+01 -2.250822269829491873e+01
2.376783014606409949e+01 5.197759911692855894e+01 -3.397949688743339891e+01
3.151388088969409651e+01 -2.828656931798350627e+01 -3.659621051876955278e+01
6.349744106404344279e+01 -1.945261038540632015e+01 -9.668379563575140878e+01
1.454269304179880429e+01 -1.298309087311893428e+00 -1.911994509476128457e+01
9.341414613493457253e+00 -3.294986837530872847e+00 -1.879752709995763382e+01
2.352521236935815097e+01 -2.872540596908425670e+01 -3.539499002876731737e+01
2.056748794628116883e+01 -2.808396562044632105e+01 -3.337019697655837547e+01
5.602840138165666417e+01 7.115582795044007014e+01 -3.659437009071557156e+01
1.923295208295964898e+01 -3.319204603607779358e-01 -2.027097361147268018e+01
3.172275621175094784e+01 6.778274155481956598e+01 -2.430768057907547686e+01
3.295241906685741640e+01 7.361877274892546552e+01 -2.270156107152856606e+01
3.819828439514891016e+01 9.865621051536808750e+01 -3.262076315482007516e+01
6.011709680049362703e+01 7.730092075936140361e+01 -4.585079846466173592e+01
3.494692858208262720e+01 8.607689074484571279e+01 -2.709590682555366215e+01
6.207965216714833900e+01 6.450771515011732049e+01 -4.542204110889492341e+01
6.603428997861955452e+01 6.751989373468576616e+01 -5.775557979036717171e+01
6.472611964223998982e+00 -2.353935972791261833e+01 -1.797736001115936233e+01
1.235198414727237370e+01 -2.502945889852794181e+01 -2.135032636894545632e+01
1.669817550593642608e+01 -2.628186688644061419e+01 -2.525943636174619655e+01
1.283380551306664863e+01 -2.434178166671615795e+00 -2.067256808591039530e+01
2.188136777357790308e+01 -2.854477646925189305e+01 -3.430317047144734488e+01
1.979357825137721960e+01 -2.948911758062477517e+01 -3.043707686059528683e+01
2.001106483617184395e+01 -2.753568468829584504e+01 -3.322941288457401754e+01
1.165459651744305880e+01 7.077618354594713557e-01 -1.007203506717196895e+01
1.327377392926854505e+01 -2.707051938214025100e+01 -2.770791254109254709e+01
9.350364203969988353e+00 -2.713841830454500226e+01 -2.525866633337967926e+01
4.759305474725012530e+00 -2.728575533877262416e+01 -2.327410752987795917e+01
7.895651487715687367e+00 -4.449232843448231023e+01 -3.030010182684152653e+01
7.269119103008897298e+00 -3.873316002778631173e+01 -2.326406917373498118e+01
6.877573680207484941e+00 -3.485458670741454767e+01 -2.210795891435277127e+01
6.287253305450693830e+00 -3.129289548943037147e+01 -2.316913998946212061e+01
5.681324006871049548e+00 -2.883336323936403645e+01 -2.407582626270128401e+01
1.476953767376802418e+01 -2.821848267881399508e+01 -2.824677030401469935e+01
1.569463397441036001e+01 -2.912630867922631239e+01 -2.723342261874590520e+01
1.706107648712129077e+01 -3.095601315109971452e+01 -2.632529592189559509e+01
1.838635578897825695e+01 -3.322193527436790106e+01 -2.759926506628975673e+01
2.505067023389483793e+01 -1.695322078282893230e+01 -2.717885827261672205e+01
7.117906252910553633e+01 1.377111837171275788e+01 -1.049327214694568653e+02
1.722871295474352848e+01 -2.809470810898766047e+01 -3.107868214748491908e+01
1.837255706034778413e+01 -2.861461079370298677e+01 -3.041715004257048349e+01
7.310893212483949632e+00 -6.209286202726658210e+00 -1.861826074999030922e+01
1.693882619640895015e+01 -4.312504131806038643e+00 -2.510180801193606115e+01
8.258683782210590962e+00 -4.825714203132231539e+00 -1.858224905376966873e+01
2.594951417169468044e+01 2.131167356650812295e+01 -3.104368172782501389e+01
3.656345037161587896e+01 1.676102796782722493e+01 -3.333568637698496673e+01
2.066099619759506822e+01 3.596580513249918010e+00 -2.208871252776025074e+01
5.414225371086470773e+01 9.276131074293695633e+01 -4.467371942597390699e+01
5.047666782942185648e+01 8.391990467746838078e+01 -3.577619665500699853e+01
4.622934930526495378e+01 7.432252846854814265e+01 -2.896493431638416283e+01
2.215070932492139377e+01 -3.824335698957153795e+01 -3.271922999370021046e+01
1.694089654960359326e+01 7.139318236621400615e+01 -1.951859796650027334e+01
1.845632376968949018e+01 8.566317310693442266e+01 -2.208242669163384875e+01
2.052373031741444720e+01 1.012432459500693795e+02 -2.564771898444645615e+01
4.616522210875262999e+01 3.862808906960182753e+01 -4.047027036742271378e+01
6.101621328351071583e+01 3.196995742060977364e+01 -5.035237419504645828e+01
1.919466561932075876e+01 4.062784873952356435e+01 -3.672361959082530802e+01
5.476507833500858879e+01 5.081772266396809812e+01 -4.329701670271693814e+01
1.491686086638009279e+01 2.973827450249694238e+01 -2.617286277349149159e+01
1.583946979954191825e+01 4.937889303371191474e+00 -1.007362833805399305e+01
6.754520878870702916e+01 2.784633166849815922e+01 -5.795577774650477920e+01
5.658042802208031929e+01 2.648778542302918737e+01 -4.445024262592796305e+01
4.817031516450612827e+01 2.342352934340244985e+01 -3.824737213632327126e+01
3.566975250318457569e+01 2.450459473428387724e+01 -3.547226296080525287e+01
2.656595915315294221e+01 2.741376968876630826e+01 -3.384103391606119970e+01
1.985427021098249512e+01 3.064679725157301249e+01 -3.203314804957080497e+01
6.233306498654656025e+00 3.864630654232008311e+01 -1.927089123663947845e+01
6.595078606685299860e+01 1.309597693204777968e+01 -5.657182343746273290e+01
6.015257500479491881e+01 5.256470219744396388e+01 -4.657979406507358533e+01
3.042673559137563100e+00 -3.045948444174327197e+00 -3.865205817297370672e+00
1.833250433309086702e+01 1.809184451249622327e+01 -2.602750763132356582e+01
7.362090066179844428e+01 4.342039712183157008e+01 -9.842477138678293613e+01
1.491998560699675558e+01 3.432805633010938351e+01 -3.099961119376186147e+01
2.123017314601522898e+01 3.411153890752999907e+00 -2.845947513456766131e+01
5.132489836292054974e+01 4.552803182093094847e+01 -4.543301001261531269e+01
1.615036954820912385e+01 9.723373541166079548e+00 -1.232353903705181963e+01
6.850900125085132686e+01 -2.441016895537729603e+00 -1.026940800284585436e+02
1.924977408376186716e+01 4.333066741385107434e+01 -3.816357120558669180e+01
1.130708912546468881e+01 1.373751844241286513e+01 -5.949179242365475240e+00
5.000980480150408880e+01 -3.785823594018540916e+01 -6.101912786423659441e+01
4.954811197964321678e+01 -4.386003384179383602e+01 -7.388861197799036518e+01
7.164696729386068341e+01 1.322196947121285326e+01 -8.065501314892581775e+01
5.783614151969594985e+01 -2.830501437233871442e+01 -6.929467230842989522e+01
6.944505556272713420e+01 5.566477459769940594e+01 -6.869130282714641567e+01
2.488844688828055851e+01 -5.989043527525876698e+01 -4.240143437575345331e+01
2.366855248890149976e+00 -4.192440390028797204e+00 -1.262514833736252484e+01
2.395659363468787362e+01 1.308983112465507936e+01 -2.862089974274191917e+01
6.678365911533815336e+01 4.158357219780704384e+01 -5.981642006900201380e+01
4.056451140405381750e+01 4.129504154171468144e+01 -3.787734920658453319e+01
3.485720209581270979e+01 4.054607238472797803e+01 -3.624177542797996665e+01
2.142305875486225020e+01 -3.084344721930601807e+01 -3.164247332956585623e+01
6.378067340306239430e+01 -2.161936710391896277e-01 -5.914885228267038997e+01
1.331669260547709577e+01 -6.853568886787435588e+01 -4.499416343591735767e+01
3.203176454685195296e+01 -5.898330723032663059e+01 -5.723703354487189898e+01
4.011342519232728421e+01 -5.287945002240259385e+01 -6.436921451334926303e+01
2.927749184876061150e+01 4.087444582822762129e+01 -3.595641570463732251e+01
2.415055099189214616e+01 4.197473520318774121e+01 -3.683559612880041811e+01
2.087761248500178723e+01 4.265817854437122492e+01 -3.820735698252062207e+01
6.471679628283479246e+01 5.435377590733053665e+01 -5.324710792366224865e+01
2.478517758056276676e+01 4.775730672376009522e+01 -3.538334583629224994e+01
3.039271380069469330e+01 4.958014606305815164e+01 -3.434213478361148475e+01
3.619453538718491359e+01 5.003164865607447354e+01 -3.479203767778862044e+01
4.204268807660049845e+01 4.919219696544186604e+01 -3.647021389389268364e+01
4.568956899937692384e+01 4.770030779232838114e+01 -3.864164891918587585e+01
7.279540229582114819e+01 5.893958211159607430e+01 -8.688571134909243199e+01
4.445540580258185059e+01 4.252715850393098407e+01 -4.003125844607972539e+01
1.973327129181092232e+01 -1.335097433315530502e+01 -2.436034112999012891e+01
1.480283411069011912e+01 -2.908960021606269430e-01 -1.664968033423746263e+01
8.101589992254856654e+00 -1.120369691463136697e+01 -1.886087591939594788e+01
4.165814465869811301e+01 -4.660914502675942828e+01 -5.502736679643756901e+01
3.359037460263557762e+01 -5.323853998077540695e+01 -4.907565462612812723e+01
1.383738423839002252e+01 -6.497689789988939424e+01 -3.647580245021024581e+01
5.693251050608537867e+01 -3.342955653270725946e+01 -8.607539148577006927e+01
2.094603492643267728e+01 4.513177717199562977e+01 -3.703502771851223940e+01
1.048286922863405657e+01 2.735222913737460360e+01 -1.733248205592727587e+01
2.343292752857732708e+01 -6.446736004063600944e+01 -4.982214752217269194e+01
6.880517723683867359e+01 -1.513457398902833706e+00 -8.020941800029051194e+01
1.070263604008778735e+01 -2.842987608112919062e+01 -2.589236332834478205e+01
1.167251695203414741e+01 -3.015136212452365783e+01 -2.480703269916363851e+01
1.269182836683817150e+01 -3.290952215269122405e+01 -2.383426019187266576e+01
1.356057496414297425e+01 -3.641453704003691172e+01 -2.492278472817173807e+01
1.581613846961430170e+01 -4.186699203912373690e+01 -3.054448947007671222e+01
1.804779981741665651e+01 -2.794728927605828872e+01 -3.021834195409997648e+01
1.998164780126074191e+01 -2.762964539844201894e+01 -3.014429470905753661e+01
2.192371169246381868e+01 -2.671059513961137100e+01 -3.008091260318693472e+01
2.925011329723466957e+01 -2.221880470224354198e+01 -3.144913330354775383e+01
5.513550762904350933e+01 -4.771389433284909387e+00 -4.579171067758753111e+01
1.057031882275501289e+01 3.464374044697131438e+01 -2.319649895623697233e+01
1.425590430820168741e+01 4.847401821249454201e+01 -3.323616461406511746e+01
1.811691594842490005e+01 4.708793135548770437e+01 -3.578323718422490884e+01
1.671945986909506132e+01 -2.699401532250929492e+01 -3.088833320469624866e+01
5.508049611245758825e+01 -2.008559959195499189e+01 -5.610235490779815137e+01
8.512443971070890569e+00 4.906964649916668719e+01 -2.523595451960627400e+01
2.004324683499823578e+01 -4.792298294580042750e+01 -3.476498158108486081e+01
5.988478293805246544e+00 3.079945456835506334e+01 -1.291288091882554845e+01
1.459690901205822477e+01 1.624019123807435960e+01 -1.775120042949229671e+01
1.043212447462234849e+01 -5.154092779447839234e+01 -3.184805472341290056e+01
3.392305371314696316e+01 -3.637141964297516239e+01 -3.968089721492586364e+01
2.664686433725272607e+01 -1.640568076796286912e+00 -3.011500079569966815e+01
2.767101934904281890e+01 -4.304028929035681017e+01 -3.734455573470685863e+01
4.168421891179617234e+01 1.771211400876040454e-01 -3.288055178075013174e+01
3.246185580531495418e+01 -8.005382325837409496e+00 -3.105591139619187402e+01
4.647548505671475283e+01 -1.042170388869900677e+01 -3.799007580852844512e+01
1.284615069747729876e+01 -5.907793606653369523e+01 -3.269107435242209903e+01
1.805040683447076688e+01 1.235593564005665357e+01 -2.252247480066814589e+01
3.972678728927822789e+01 -4.039831050779736898e+01 -4.665135743726954587e+01
3.176221347213637003e+01 -4.754143820861111891e+01 -4.312070355182165571e+01
3.889760895346155678e+01 -2.839144354012625371e+01 -4.008121996787591002e+01
6.138115586155752368e+01 -1.139032675779735726e+01 -6.188196802181580836e+01
4.706483877166948560e+01 -2.824243702078418039e+01 -4.702872202061895024e+01
6.485014577673609892e+01 -1.522408485857273419e+01 -7.788804859628557153e+01
3.686158906892035958e+01 -1.678068521618894948e+01 -3.410489988502506264e+01
1.436050614173291784e+01 2.284939881890161928e+01 -2.203340033831177536e+01
1.369941611946838478e+01 1.768178562501425688e+00 -8.710582770120764096e+00
1.734324290452309825e+01 2.351837667297870249e-01 -1.586629125332177104e+01
1.141584582893301381e+01 6.352346317545467969e+00 -4.107688175566479138e+00
1.979841559361892678e+01 5.500963346946601717e+01 -3.086331191085339043e+01
3.043915582588749302e+01 5.908757937732916332e+01 -2.994789027179508167e+01
3.959475645060571480e+01 5.996126730806943783e+01 -3.071704851207756093e+01
4.710771823223323196e+01 5.902690563535318802e+01 -3.361881084690426746e+01
5.218379617865083020e+01 5.621329520006895564e+01 -3.785224578464965361e+01
5.564904019898803966e+01 4.409857648453485979e+01 -4.822792561420622093e+01
7.311976338736049286e+01 2.767607861329784313e+01 -7.857114760266897235e+01
5.069355076276486471e+01 3.358108317616128602e+01 -4.309347632844617237e+01
4.404334860300352261e+01 3.119590083579990392e+01 -3.920088303988888612e+01
3.535893707838073396e+01 3.112050154740806107e+01 -3.642336579761497717e+01
2.713921788679266456e+01 3.272570345865553776e+01 -3.490853042520307525e+01
2.090162646462535534e+01 3.500903290641350907e+01 -3.488303591111030499e+01
1.659786673140238022e+01 3.727437064684956880e+01 -3.427809213689822343e+01
7.247500275228057376e+01 2.876270823280191635e+01 -1.038540306601985890e+02
1.694130231433679157e+01 -1.470504750730069254e+00 -1.919754088461727548e+01
1.045541706630348777e+01 2.077650463924465996e+01 -1.252605712583505237e+01
9.573752136372615240e+00 1.285669524809804898e+00 -3.677295312214552858e+00
5.934419627817738352e+00 -1.773994927517122511e+00 -6.447909611610090685e+00
9.377592306558495849e+00 3.494055323417424308e-01 -6.878622194332817408e+00
1.504503957090649457e+01 -3.411154970322371138e+00 -2.144865359902525270e+01
4.951426392117639352e+00 -2.517120138401380380e+00 -4.742365487136864566e+00
4.242107795975814000e+00 -3.700339664396295802e+00 -1.255894463628835744e+01
1.697110315620297527e+01 4.277028330286560731e+01 -3.721714594658271125e+01
1.316104771537522566e+01 4.108470039374631000e+01 -3.333645324415514466e+01
1.110891246414375289e+01 3.981501156224779692e+01 -2.913910430296304810e+01
4.783335830613980733e+01 4.658983969181227991e+01 -4.105445447137194748e+01
5.101944346157594623e+01 4.963782974653652502e+01 -4.134966076895700127e+01
