4.105582833290100098e-01 7.660257816314697266e-01 -3.416799381375312805e-02
4.106438457965850830e-01 7.106714844703674316e-01 -6.468995660543441772e-02
4.103928506374359131e-01 7.275321483612060547e-01 -3.306614980101585388e-02
3.994863927364349365e-01 6.506591439247131348e-01 -4.948189854621887207e-02
4.104996025562286377e-01 6.925170421600341797e-01 -6.922948360443115234e-02
4.102413654327392578e-01 6.681329011917114258e-01 -6.466893851757049561e-02
4.098873734474182129e-01 6.087899208068847656e-01 -3.218375146389007568e-02
3.184534311294555664e-01 6.004818081855773926e-01 1.399629656225442886e-02
4.097190201282501221e-01 5.570226311683654785e-01 -2.444402687251567841e-02
4.097345769405364990e-01 5.313093066215515137e-01 -2.770646475255489349e-02
4.094757437705993652e-01 4.497858881950378418e-01 -1.695018634200096130e-02
4.105394482612609863e-01 7.745414376258850098e-01 -3.241238370537757874e-02
4.105365574359893799e-01 7.809687852859497070e-01 -2.786298468708992004e-02
4.105714261531829834e-01 7.837081551551818848e-01 -2.216796949505805969e-02
4.108840823173522949e-01 7.874411940574645996e-01 -2.096966840326786041e-02
4.110014736652374268e-01 7.950440645217895508e-01 -2.256200090050697327e-02
4.110682010650634766e-01 8.045759797096252441e-01 -2.463559061288833618e-02
4.111325740814208984e-01 8.140500783920288086e-01 -2.218942530453205109e-02
4.111497104167938232e-01 8.278883695602416992e-01 -9.319536387920379639e-03
4.105235636234283447e-01 7.195569872856140137e-01 -5.818116292357444763e-02
3.999254107475280762e-01 7.177977561950683594e-01 -4.147920012474060059e-02
2.741524577140808105e-01 5.275819301605224609e-01 7.175204157829284668e-02
3.551435768604278564e-01 6.183472871780395508e-01 1.078685512766242027e-03
3.425777256488800049e-01 6.194659471511840820e-01 2.203149022534489632e-03
3.305957615375518799e-01 6.180486083030700684e-01 5.880683660507202148e-03
3.144709467887878418e-01 6.064150929450988770e-01 1.629608683288097382e-02
3.656240999698638916e-01 6.137778162956237793e-01 3.061172552406787872e-03
3.382973074913024902e-01 5.685919523239135742e-01 -3.780583618208765984e-03
3.517823219299316406e-01 5.708712339401245117e-01 -3.840726334601640701e-03
3.256125450134277344e-01 5.707836747169494629e-01 6.583245703950524330e-04
3.171381354331970215e-01 5.771857500076293945e-01 5.696767941117286682e-03
3.050270974636077881e-01 6.177450418472290039e-01 2.301837876439094543e-02
3.672623932361602783e-01 8.505830764770507812e-01 5.079328548163175583e-03
3.140587806701660156e-01 5.951071381568908691e-01 1.821982115507125854e-02
2.696756124496459961e-01 6.043165922164916992e-01 7.799267023801803589e-02
2.914164662361145020e-01 6.027505993843078613e-01 3.548570722341537476e-02
3.486838340759277344e-01 6.921303868293762207e-01 -8.470579050481319427e-03
3.965300917625427246e-01 7.633718252182006836e-01 -3.261527046561241150e-02
3.988830447196960449e-01 7.806556820869445801e-01 -2.628953382372856140e-02
3.823484778404235840e-01 7.690587043762207031e-01 -2.565602585673332214e-02
3.734798133373260498e-01 7.757859230041503906e-01 -1.750900596380233765e-02
3.888698220252990723e-01 7.818340063095092773e-01 -2.211002446711063385e-02
3.810244500637054443e-01 7.834457755088806152e-01 -1.448734011501073837e-02
3.584945201873779297e-01 8.000382184982299805e-01 1.501179649494588375e-03
4.006853103637695312e-01 7.101108431816101074e-01 -6.374929845333099365e-02
3.987642824649810791e-01 6.926532983779907227e-01 -6.785736978054046631e-02
2.975300252437591553e-01 5.530447959899902344e-01 1.080844271928071976e-02
3.725321292877197266e-01 6.479064822196960449e-01 -1.068157237023115158e-02
3.736036717891693115e-01 7.049046158790588379e-01 -3.406877443194389343e-02
3.722967803478240967e-01 6.951255798339843750e-01 -3.065739013254642487e-02
3.113399744033813477e-01 6.889143586158752441e-01 7.420348934829235077e-03
3.990320861339569092e-01 6.700162291526794434e-01 -6.093602627515792847e-02
3.254956007003784180e-01 5.330053567886352539e-01 -1.037624385207891464e-02
3.089636564254760742e-01 5.392243862152099609e-01 -3.055481065530329943e-04
2.855103015899658203e-01 4.963515996932983398e-01 4.652386158704757690e-02
3.807552754878997803e-01 5.509340763092041016e-01 -2.103924751281738281e-02
3.635774850845336914e-01 5.779845118522644043e-01 -3.153918951284140348e-04
3.493844866752624512e-01 7.842386364936828613e-01 3.908704034984111786e-03
2.885725200176239014e-01 7.629473209381103516e-01 1.156654879450798035e-01
3.827133178710937500e-01 7.145583033561706543e-01 -2.930727601051330566e-02
3.925333321094512939e-01 7.197698354721069336e-01 -2.955528721213340759e-02
3.640137612819671631e-01 7.855252027511596680e-01 1.792844966985285282e-03
3.694533705711364746e-01 7.841930389404296875e-01 -1.773690572008490562e-03
3.017029762268066406e-01 5.263293981552124023e-01 4.946831613779067993e-03
3.736332058906555176e-01 7.124673128128051758e-01 -2.710291370749473572e-02
3.484404683113098145e-01 5.351984500885009766e-01 -1.783530414104461670e-02
3.461522161960601807e-01 5.200544595718383789e-01 -2.078198641538619995e-02
3.353856205940246582e-01 4.568951427936553955e-01 -2.016888931393623352e-03
2.934215962886810303e-01 5.114897489547729492e-01 2.219397015869617462e-02
3.420866429805755615e-01 4.888218641281127930e-01 -1.256795041263103485e-02
2.898363471031188965e-01 5.443013310432434082e-01 2.104174531996250153e-02
2.817779779434204102e-01 5.373584628105163574e-01 4.425223916769027710e-02
3.974551558494567871e-01 7.733899950981140137e-01 -3.100253082811832428e-02
3.859171867370605469e-01 7.769205570220947266e-01 -2.463553659617900848e-02
3.772610425949096680e-01 7.799593806266784668e-01 -1.707541383802890778e-02
3.858756124973297119e-01 7.176758050918579102e-01 -2.606647275388240814e-02
3.669229447841644287e-01 7.852032184600830078e-01 7.471086973964702338e-06
3.713132143020629883e-01 7.881203293800354004e-01 -7.196954917162656784e-03
3.704522550106048584e-01 7.828278541564941406e-01 -2.037512138485908508e-03
3.883239030838012695e-01 7.089677453041076660e-01 -4.613096266984939575e-02
3.834704458713531494e-01 7.823103666305541992e-01 -1.240210887044668198e-02
3.913527429103851318e-01 7.825455069541931152e-01 -1.720945350825786591e-02
4.004261791706085205e-01 7.830753326416015625e-01 -2.106958441436290741e-02
3.958277404308319092e-01 8.273168802261352539e-01 -9.116158820688724518e-03
3.968141078948974609e-01 8.124417066574096680e-01 -2.175453864037990570e-02
3.973937630653381348e-01 8.023711442947387695e-01 -2.374744974076747894e-02
3.983640372753143311e-01 7.932468652725219727e-01 -2.153813093900680542e-02
3.994176685810089111e-01 7.869195938110351562e-01 -1.975056342780590057e-02
3.812472522258758545e-01 7.851823568344116211e-01 -1.160158310085535049e-02
3.794743716716766357e-01 7.874991893768310547e-01 -1.351010240614414215e-02
3.768666386604309082e-01 7.921733260154724121e-01 -1.532908435910940170e-02
3.744457364082336426e-01 7.979257106781005859e-01 -1.310387812554836273e-02
3.619305193424224854e-01 7.556518912315368652e-01 -1.366348844021558762e-02
2.724218368530273438e-01 6.777981519699096680e-01 1.317892670631408691e-01
4.104349017143249512e-01 7.225706577301025391e-01 -4.179633408784866333e-02
3.762300312519073486e-01 7.846919298171997070e-01 -6.169016938656568527e-03
3.740269839763641357e-01 7.858709096908569336e-01 -7.351463660597801208e-03
3.963421285152435303e-01 7.274284958839416504e-01 -2.998615987598896027e-02
3.778936564922332764e-01 7.228992581367492676e-01 -1.779707893729209900e-02
3.945377171039581299e-01 7.238058447837829590e-01 -2.993870712816715240e-02
3.597077727317810059e-01 6.580393314361572266e-01 -6.209186743944883347e-03
3.393897414207458496e-01 6.694682836532592773e-01 -1.963989809155464172e-03
3.706661462783813477e-01 7.026826143264770508e-01 -2.348057180643081665e-02
3.045967519283294678e-01 4.722518324851989746e-01 2.032369561493396759e-02
3.121256232261657715e-01 4.942175149917602539e-01 3.563340054824948311e-03
3.206289410591125488e-01 5.180301070213317871e-01 -9.186677634716033936e-03
3.679714798927307129e-01 8.105843663215637207e-01 -3.643403062596917152e-03
3.768056333065032959e-01 5.262680053710937500e-01 -2.663503587245941162e-02
3.736754953861236572e-01 4.904340803623199463e-01 -2.171580120921134949e-02
3.693749308586120605e-01 4.506729841232299805e-01 -1.480085402727127075e-02
3.202984333038330078e-01 6.138569116592407227e-01 1.145950239151716232e-02
2.921853065490722656e-01 6.301466822624206543e-01 2.986791357398033142e-02
3.723801076412200928e-01 6.089589595794677734e-01 4.661359358578920364e-03
3.039168715476989746e-01 5.808784961700439453e-01 1.699712872505187988e-02
3.810476064682006836e-01 6.363562345504760742e-01 -1.507294271141290665e-02
3.802264630794525146e-01 6.984208822250366211e-01 -4.612442478537559509e-02
2.797461450099945068e-01 6.407825350761413574e-01 4.404849931597709656e-02
3.006425201892852783e-01 6.443682312965393066e-01 1.868659630417823792e-02
3.168514966964721680e-01 6.522974371910095215e-01 7.214890792965888977e-03
3.408086001873016357e-01 6.498627066612243652e-01 2.224408090114593506e-03
3.583071231842041016e-01 6.426777839660644531e-01 -7.678195834159851074e-04
3.712661862373352051e-01 6.343823075294494629e-01 -3.983206115663051605e-03
3.978629112243652344e-01 6.130757927894592285e-01 -2.765715308487415314e-02
2.829738259315490723e-01 6.786551475524902344e-01 4.122798517346382141e-02
2.937033772468566895e-01 5.762022137641906738e-01 2.292831428349018097e-02
4.046633541584014893e-01 7.185793519020080566e-01 -5.760689824819564819e-02
3.746232688426971436e-01 6.660321950912475586e-01 -1.577832736074924469e-02
2.667886614799499512e-01 6.009597182273864746e-01 1.200468465685844421e-01
3.808998465538024902e-01 6.246919035911560059e-01 -5.838035140186548233e-03
3.693963289260864258e-01 7.033954858779907227e-01 -1.145212445408105850e-02
3.104166984558105469e-01 5.953272581100463867e-01 2.081406489014625549e-02
3.793358504772186279e-01 6.866057515144348145e-01 -4.174432158470153809e-02
2.781831622123718262e-01 7.194328904151916504e-01 1.272281706333160400e-01
3.722786605358123779e-01 6.019526124000549316e-01 7.401843089610338211e-03
3.886715471744537354e-01 6.762710809707641602e-01 -5.365461856126785278e-02
3.160599470138549805e-01 8.092674612998962402e-01 4.882924258708953857e-02
3.169097900390625000e-01 8.247239589691162109e-01 7.281804084777832031e-02
2.721217870712280273e-01 6.786897182464599609e-01 8.616945892572402954e-02
3.002601265907287598e-01 7.851622700691223145e-01 6.419672071933746338e-02
2.753249108791351318e-01 5.686179995536804199e-01 6.461457908153533936e-02
3.651410937309265137e-01 8.651784658432006836e-01 1.326532475650310516e-02
4.059389233589172363e-01 7.218183279037475586e-01 -4.098867252469062805e-02
3.637602925300598145e-01 6.788508296012878418e-01 -1.117208134382963181e-02
2.810180187225341797e-01 6.052234172821044922e-01 4.776346683502197266e-02
3.310097455978393555e-01 6.075914502143859863e-01 6.473069544881582260e-03
3.419469892978668213e-01 6.097103953361511230e-01 3.457479877397418022e-03
3.682617545127868652e-01 7.914208173751831055e-01 -5.161932203918695450e-03
2.873815894126892090e-01 7.129900455474853516e-01 4.582708328962326050e-02
3.867102861404418945e-01 8.868246674537658691e-01 1.821085810661315918e-02
3.513897955417633057e-01 8.626605868339538574e-01 4.120111837983131409e-02
3.357343077659606934e-01 8.473162055015563965e-01 5.470695719122886658e-02
4.096393585205078125e-01 4.923162460327148438e-01 -2.393338270485401154e-02
4.113161861896514893e-01 8.906207084655761719e-01 1.497619133442640305e-02
3.526972830295562744e-01 6.089130640029907227e-01 3.048866521567106247e-03
3.627149462699890137e-01 6.059684753417968750e-01 4.803593736141920090e-03
3.691681921482086182e-01 6.038942933082580566e-01 7.464596536010503769e-03
2.847504913806915283e-01 5.716936588287353516e-01 3.551573306322097778e-02
3.615358471870422363e-01 5.895538926124572754e-01 2.067782217636704445e-03
3.505784273147583008e-01 5.843557119369506836e-01 2.642830659169703722e-04
3.393648564815521240e-01 5.828850269317626953e-01 7.860742043703794479e-04
3.281380236148834229e-01 5.851020812988281250e-01 4.069543909281492233e-03
3.211570978164672852e-01 5.892908573150634766e-01 8.118196390569210052e-03
2.681771516799926758e-01 5.605826377868652344e-01 9.873506426811218262e-02
3.235718905925750732e-01 6.041826009750366211e-01 1.055027358233928680e-02
4.104123711585998535e-01 7.392513751983642578e-01 -3.041645698249340057e-02
3.723379671573638916e-01 7.464808225631713867e-01 -1.919504627585411072e-02
3.823291659355163574e-01 7.118993997573852539e-01 -3.373538330197334290e-02
3.947205245494842529e-01 7.411119341850280762e-01 -2.959224022924900055e-02
4.097856283187866211e-01 5.828728675842285156e-01 -2.391087263822555542e-02
3.325761556625366211e-01 8.313434123992919922e-01 3.750801458954811096e-02
3.483437895774841309e-01 8.480325341224670410e-01 2.608268894255161285e-02
3.858955204486846924e-01 8.782210350036621094e-01 2.270550001412630081e-03
3.018382787704467773e-01 7.985005974769592285e-01 9.571741521358489990e-02
3.690316677093505859e-01 5.969907641410827637e-01 5.279828794300556183e-03
3.898102641105651855e-01 6.419839262962341309e-01 -3.173439204692840576e-02
4.115692973136901855e-01 8.815159201622009277e-01 -4.599329549819231033e-04
3.678722679615020752e-01 8.765583038330078125e-01 2.718124538660049438e-02
2.778740525245666504e-01 7.166998386383056641e-01 8.513479679822921753e-02
3.894428610801696777e-01 7.858093976974487305e-01 -1.612517237663269043e-02
3.876712024211883545e-01 7.902235984802246094e-01 -1.826515235006809235e-02
3.857815563678741455e-01 7.973595261573791504e-01 -2.030071057379245758e-02
3.843424320220947266e-01 8.063216805458068848e-01 -1.839045062661170959e-02
3.804728984832763672e-01 8.202477693557739258e-01 -8.119853213429450989e-03
3.741826713085174561e-01 7.840988039970397949e-01 -7.747940253466367722e-03
3.705315589904785156e-01 7.830479741096496582e-01 -7.853223942220211029e-03
3.669030368328094482e-01 7.805961370468139648e-01 -8.100548759102821350e-03
3.535962104797363281e-01 7.689471244812011719e-01 -5.536095704883337021e-03
3.039580285549163818e-01 7.247306108474731445e-01 2.092341147363185883e-02
3.895345926284790039e-01 6.234906315803527832e-01 -2.052452228963375092e-02
3.819204568862915039e-01 5.875865221023559570e-01 -1.527230720967054367e-03
3.744244277477264404e-01 5.915096998214721680e-01 3.188516246154904366e-03
3.766790032386779785e-01 7.817642688751220703e-01 -6.437025032937526703e-03
3.048880696296691895e-01 7.640081048011779785e-01 3.982246667146682739e-02
3.931232988834381104e-01 5.856897234916687012e-01 -1.628587581217288971e-02
3.731518387794494629e-01 8.353317379951477051e-01 -6.441940786316990852e-04
4.101181030273437500e-01 6.480884552001953125e-01 -5.355495959520339966e-02
3.983960449695587158e-01 6.330150961875915527e-01 -3.983498737215995789e-02
4.099803566932678223e-01 6.294010877609252930e-01 -4.260032624006271362e-02
3.819683790206909180e-01 6.703544259071350098e-01 -3.133508935570716858e-02
4.115770161151885986e-01 8.662569522857666016e-01 -7.749420125037431717e-03
4.113689661026000977e-01 8.461496233940124512e-01 -8.352824486792087555e-03
3.917025923728942871e-01 8.447986841201782227e-01 -6.290408782660961151e-03
3.459189236164093018e-01 8.052754402160644531e-01 9.457105770707130432e-03
3.589386343955993652e-01 7.164937853813171387e-01 -8.341165259480476379e-03
3.583101630210876465e-01 8.224656581878662109e-01 4.753578919917345047e-03
3.298546373844146729e-01 7.119798660278320312e-01 -3.293412039056420326e-03
3.477366566658020020e-01 7.328910231590270996e-01 -6.584949791431427002e-03
3.208957314491271973e-01 7.390148043632507324e-01 6.212363950908184052e-03
3.875845670700073242e-01 8.636637926101684570e-01 -4.890368785709142685e-03
3.753259778022766113e-01 6.804037094116210938e-01 -2.260327525436878204e-02
3.357016742229461670e-01 8.155574798583984375e-01 2.220667898654937744e-02
3.514144420623779297e-01 8.338147401809692383e-01 1.520841661840677261e-02
3.359884917736053467e-01 7.847513556480407715e-01 1.028967928141355515e-02
2.924420237541198730e-01 7.417342662811279297e-01 5.073551833629608154e-02
3.206649422645568848e-01 7.846348285675048828e-01 2.302604913711547852e-02
2.862334847450256348e-01 7.519973516464233398e-01 8.043492585420608521e-02
3.393585383892059326e-01 7.551881074905395508e-01 -8.030777098610997200e-04
3.823306858539581299e-01 6.537071466445922852e-01 -2.322590723633766174e-02
3.844377100467681885e-01 7.062481045722961426e-01 -4.864303767681121826e-02
3.774515092372894287e-01 7.106686234474182129e-01 -3.518028184771537781e-02
3.887668550014495850e-01 6.946014761924743652e-01 -5.723039060831069946e-02
3.711074292659759521e-01 5.697799921035766602e-01 -5.929430015385150909e-03
3.507814407348632812e-01 5.583267807960510254e-01 -7.521493360400199890e-03
3.333424627780914307e-01 5.558354258537292480e-01 -6.139948498457670212e-03
3.188830316066741943e-01 5.583634972572326660e-01 -8.635004633106291294e-04
3.089701533317565918e-01 5.662149786949157715e-01 6.951941177248954773e-03
3.022504746913909912e-01 5.988520383834838867e-01 2.621005475521087646e-02
2.690010070800781250e-01 6.413401961326599121e-01 8.256956934928894043e-02
3.117702603340148926e-01 6.264052391052246094e-01 1.643926277756690979e-02
3.246406912803649902e-01 6.326783895492553711e-01 9.130044840276241302e-03
3.412374854087829590e-01 6.332223415374755859e-01 4.117245785892009735e-03
3.569187223911285400e-01 6.293847560882568359e-01 1.145488931797444820e-03
3.691214323043823242e-01 6.233621835708618164e-01 1.348850433714687824e-03
3.774758875370025635e-01 6.173936128616333008e-01 2.886880247388035059e-04
2.693162262439727783e-01 6.389327049255371094e-01 1.300219148397445679e-01
3.780453503131866455e-01 7.151492834091186523e-01 -2.897685207426548004e-02
3.900440633296966553e-01 6.586413383483886719e-01 -4.100875183939933777e-02
3.924568295478820801e-01 7.072917222976684570e-01 -5.800605565309524536e-02
3.990826308727264404e-01 7.154036164283752441e-01 -5.274100974202156067e-02
3.926939666271209717e-01 7.097665667533874512e-01 -5.197169631719589233e-02
3.816077709197998047e-01 7.203007936477661133e-01 -2.458889968693256378e-02
4.011121690273284912e-01 7.172874808311462402e-01 -5.584857985377311707e-02
4.023800790309906006e-01 7.205502986907958984e-01 -4.121862724423408508e-02
3.768128752708435059e-01 6.031017899513244629e-01 5.797810852527618408e-03
3.841229677200317383e-01 6.072487831115722656e-01 -1.290874322876334190e-03
3.882085978984832764e-01 6.103320121765136719e-01 -9.123063646256923676e-03
3.171435594558715820e-01 5.924605131149291992e-01 1.253985147923231125e-02
3.109402060508728027e-01 5.840854048728942871e-01 1.314049120992422104e-02
4.206540882587432861e-01 6.508668065071105957e-01 -4.920974746346473694e-02
4.993727207183837891e-01 6.028988361358642578e-01 1.589767821133136749e-02
4.208245277404785156e-01 7.180587649345397949e-01 -4.116427153348922729e-02
5.423683524131774902e-01 5.304900407791137695e-01 7.493249326944351196e-02
4.634391665458679199e-01 6.195909380912780762e-01 2.196322660893201828e-03
4.759043753147125244e-01 6.208749413490295410e-01 3.692453959956765175e-03
4.876969456672668457e-01 6.196632385253906250e-01 7.537075318396091461e-03
5.032390356063842773e-01 6.087995767593383789e-01 1.835137978196144104e-02
4.529364705085754395e-01 6.148876547813415527e-01 3.931194078177213669e-03
4.801738262176513672e-01 5.710304975509643555e-01 -2.343803877010941505e-03
4.666391313076019287e-01 5.726859569549560547e-01 -2.761221723631024361e-03
4.925687313079833984e-01 5.738171935081481934e-01 2.379358978942036629e-03
5.008417367935180664e-01 5.803217291831970215e-01 7.609606720507144928e-03
5.127037763595581055e-01 6.199926733970642090e-01 2.500067278742790222e-02
4.552387893199920654e-01 8.512056469917297363e-01 6.065083201974630356e-03
5.036050081253051758e-01 5.978039503097534180e-01 2.016243897378444672e-02
5.469616055488586426e-01 6.067990660667419434e-01 8.105283975601196289e-02
5.260937809944152832e-01 6.053474545478820801e-01 3.788223117589950562e-02
4.709592163562774658e-01 6.928577423095703125e-01 -7.319531869143247604e-03
4.245515167713165283e-01 7.634288668632507324e-01 -3.228103369474411011e-02
4.222532212734222412e-01 7.806587219238281250e-01 -2.607375197112560272e-02
4.388195872306823730e-01 7.691256999969482422e-01 -2.501486241817474365e-02
4.476373493671417236e-01 7.757985591888427734e-01 -1.662969030439853668e-02
4.323056936264038086e-01 7.818672657012939453e-01 -2.162905782461166382e-02
4.401267170906066895e-01 7.833428978919982910e-01 -1.385498978197574615e-02
4.631923139095306396e-01 8.003631234169006348e-01 2.656136173754930496e-03
4.204695224761962891e-01 7.101863622665405273e-01 -6.345242261886596680e-02
4.221411645412445068e-01 6.927320957183837891e-01 -6.762980669736862183e-02
5.200256109237670898e-01 5.571013092994689941e-01 1.306459773331880569e-02
4.468550682067871094e-01 6.485412120819091797e-01 -9.828790090978145599e-03
4.469049870967864990e-01 7.052471637725830078e-01 -3.301518410444259644e-02
4.479340314865112305e-01 6.954547762870788574e-01 -2.964177913963794708e-02
5.076647400856018066e-01 6.901816725730895996e-01 9.170644916594028473e-03
4.214715361595153809e-01 6.701287627220153809e-01 -6.063051894307136536e-02
4.928455352783203125e-01 5.367296934127807617e-01 -8.884458802640438080e-03
5.089794397354125977e-01 5.434067249298095703e-01 1.574993832036852837e-03
5.316723585128784180e-01 4.992993772029876709e-01 4.936359822750091553e-02
4.382613599300384521e-01 5.521970987319946289e-01 -2.065245248377323151e-02
4.549487233161926270e-01 5.793262720108032227e-01 6.663023377768695354e-04
4.718854427337646484e-01 7.846568226814270020e-01 5.376529414206743240e-03
5.287666916847229004e-01 7.648469209671020508e-01 1.188220083713531494e-01
4.379006624221801758e-01 7.149012088775634766e-01 -2.846321463584899902e-02
4.281625747680664062e-01 7.200983166694641113e-01 -2.910624444484710693e-02
4.576373100280761719e-01 7.854951620101928711e-01 3.123088041320443153e-03
4.520251452922821045e-01 7.840296626091003418e-01 -7.660893024876713753e-04
5.159790515899658203e-01 5.309042930603027344e-01 7.110528182238340378e-03
4.468480348587036133e-01 7.128067016601562500e-01 -2.610891871154308319e-02
4.701956510543823242e-01 5.378206968307495117e-01 -1.675942167639732361e-02
4.724967479705810547e-01 5.228426456451416016e-01 -1.963100209832191467e-02
4.826872646808624268e-01 4.588236808776855469e-01 -4.965608823113143444e-04
5.240910649299621582e-01 5.150975584983825684e-01 2.466984838247299194e-02
4.763853549957275391e-01 4.910403490066528320e-01 -1.114487461745738983e-02
5.274844765663146973e-01 5.484514832496643066e-01 2.358280308544635773e-02
5.352246165275573730e-01 5.407143235206604004e-01 4.701974615454673767e-02
4.236906468868255615e-01 7.734837532043457031e-01 -3.066604956984519958e-02
4.352431595325469971e-01 7.770275473594665527e-01 -2.405743114650249481e-02
4.439972937107086182e-01 7.798744440078735352e-01 -1.638135127723217010e-02
4.347076416015625000e-01 7.179556488990783691e-01 -2.545610815286636353e-02
4.545789361000061035e-01 7.850672006607055664e-01 1.039604772813618183e-03
4.504839181900024414e-01 7.880644202232360840e-01 -6.447440944612026215e-03
4.508577883243560791e-01 7.828033566474914551e-01 -1.027294667437672615e-03
4.325222969055175781e-01 7.093188166618347168e-01 -4.546960443258285522e-02
4.375708103179931641e-01 7.821227908134460449e-01 -1.194086391478776932e-02
4.297018349170684814e-01 7.825735807418823242e-01 -1.682536303997039795e-02
4.205946624279022217e-01 7.830763459205627441e-01 -2.081600576639175415e-02
4.264452457427978516e-01 8.273975849151611328e-01 -8.895542472600936890e-03
4.254891276359558105e-01 8.126698136329650879e-01 -2.153994701802730560e-02
4.247056543827056885e-01 8.026199936866760254e-01 -2.344855293631553650e-02
4.235580265522003174e-01 7.934153079986572266e-01 -2.126614563167095184e-02
4.223515987396240234e-01 7.870792746543884277e-01 -1.950039155781269073e-02
4.404695332050323486e-01 7.851870059967041016e-01 -1.100428029894828796e-02
4.422959089279174805e-01 7.875587344169616699e-01 -1.294790767133235931e-02
4.450120925903320312e-01 7.922646403312683105e-01 -1.475461199879646301e-02
4.474787712097167969e-01 7.981384992599487305e-01 -1.234591472893953323e-02
4.588799178600311279e-01 7.559684514999389648e-01 -1.249651145190000534e-02
5.433917045593261719e-01 6.798278093338012695e-01 1.351761221885681152e-01
4.453155994415283203e-01 7.846198678016662598e-01 -5.308253224939107895e-03
4.476717412471771240e-01 7.858626246452331543e-01 -6.547924596816301346e-03
4.244705140590667725e-01 7.275775074958801270e-01 -2.966186590492725372e-02
4.425814151763916016e-01 7.230892777442932129e-01 -1.712452620267868042e-02
4.261652827262878418e-01 7.240027785301208496e-01 -2.959010750055313110e-02
4.596716761589050293e-01 6.588231325149536133e-01 -5.187227390706539154e-03
4.798960685729980469e-01 6.704645156860351562e-01 -7.004210492596030235e-04
4.495525956153869629e-01 7.029985189437866211e-01 -2.260519936680793762e-02
5.129724144935607910e-01 4.747448563575744629e-01 2.254265919327735901e-02
5.057676434516906738e-01 4.975298643112182617e-01 5.587695166468620300e-03
4.975255131721496582e-01 5.219225883483886719e-01 -7.526115979999303818e-03
4.540018439292907715e-01 8.109332323074340820e-01 -2.797560067847371101e-03
4.423073232173919678e-01 5.278245210647583008e-01 -2.597387880086898804e-02
4.451959133148193359e-01 4.915603399276733398e-01 -2.085333131253719330e-02
4.492512047290802002e-01 4.516001343727111816e-01 -1.396207790821790695e-02
4.976533353328704834e-01 6.158811450004577637e-01 1.324314903467893600e-02
5.255473852157592773e-01 6.322332620620727539e-01 3.229817375540733337e-02
4.461794197559356689e-01 6.099925041198730469e-01 5.520360078662633896e-03
5.137265324592590332e-01 5.842084884643554688e-01 1.913834363222122192e-02
4.384347200393676758e-01 6.369335651397705078e-01 -1.443645637482404709e-02
4.403928518295288086e-01 6.988318562507629395e-01 -4.529677703976631165e-02
5.376812815666198730e-01 6.429287791252136230e-01 4.675623401999473572e-02
5.173628330230712891e-01 6.460784077644348145e-01 2.096995152533054352e-02
5.017176866531372070e-01 6.536389589309692383e-01 8.989823050796985626e-03
4.780964255332946777e-01 6.509391069412231445e-01 3.490940900519490242e-03
4.607999622821807861e-01 6.435411572456359863e-01 2.673584094736725092e-04
4.478951394557952881e-01 6.351239085197448730e-01 -3.241466358304023743e-03
4.219342768192291260e-01 6.133650541305541992e-01 -2.744544297456741333e-02
5.348047614097595215e-01 6.806044578552246094e-01 4.386413097381591797e-02
5.238454341888427734e-01 5.794512033462524414e-01 2.551032230257987976e-02
4.163816273212432861e-01 7.187507152557373047e-01 -5.737658962607383728e-02
4.450764656066894531e-01 6.665301322937011719e-01 -1.500533614307641983e-02
5.488314032554626465e-01 6.032492518424987793e-01 1.234013438224792480e-01
4.383654296398162842e-01 6.253730654716491699e-01 -5.252997390925884247e-03
4.506683647632598877e-01 7.036695480346679688e-01 -1.061765104532241821e-02
5.072072744369506836e-01 5.981861352920532227e-01 2.291334047913551331e-02
4.409587383270263672e-01 6.869511604309082031e-01 -4.102946817874908447e-02
5.381547212600708008e-01 7.215047478675842285e-01 1.306600123643875122e-01
4.461269080638885498e-01 6.030360460281372070e-01 8.260701783001422882e-03
4.317621290683746338e-01 6.765173077583312988e-01 -5.308447778224945068e-02
5.042599439620971680e-01 8.107277154922485352e-01 5.102100968360900879e-02
5.027777552604675293e-01 8.263113498687744141e-01 7.509484887123107910e-02
5.447359085083007812e-01 6.808533072471618652e-01 8.937788754701614380e-02
5.188995599746704102e-01 7.868102788925170898e-01 6.693499535322189331e-02
5.414617061614990234e-01 5.714169740676879883e-01 6.753603368997573853e-02
4.573996067047119141e-01 8.659278750419616699e-01 1.448079943656921387e-02
4.149570167064666748e-01 7.219165563583374023e-01 -4.094969853758811951e-02
4.559230208396911621e-01 6.794082522392272949e-01 -1.012929342687129974e-02
5.362250804901123047e-01 6.077296733856201172e-01 5.047519505023956299e-02
4.871221184730529785e-01 6.094344854354858398e-01 8.126498199999332428e-03
4.763328731060028076e-01 6.112663745880126953e-01 4.876427352428436279e-03
4.535895884037017822e-01 7.915202379226684570e-01 -4.129522480070590973e-03
5.308147072792053223e-01 7.147431373596191406e-01 4.846043512225151062e-02
4.357041120529174805e-01 8.872960209846496582e-01 1.873195357620716095e-02
4.701938033103942871e-01 8.639292716979980469e-01 4.278869181871414185e-02
4.852032661437988281e-01 8.488169908523559570e-01 5.669740960001945496e-02
4.656757414340972900e-01 6.102455854415893555e-01 4.227961413562297821e-03
4.557756185531616211e-01 6.071139574050903320e-01 5.826260894536972046e-03
4.493399858474731445e-01 6.050262451171875000e-01 8.331986144185066223e-03
5.324767827987670898e-01 5.747593045234680176e-01 3.820294886827468872e-02
4.569636583328247070e-01 5.909757614135742188e-01 3.143506590276956558e-03
4.677597880363464355e-01 5.860672593116760254e-01 1.383512280881404877e-03
4.787459373474121094e-01 5.850896239280700684e-01 2.341676969081163406e-03
4.897428750991821289e-01 5.876576900482177734e-01 5.688615608960390091e-03
4.965870976448059082e-01 5.919564366340637207e-01 9.841725230216979980e-03
5.478172302246093750e-01 5.630949735641479492e-01 1.019989326596260071e-01
4.943864643573760986e-01 6.062337756156921387e-01 1.235220767557621002e-02
4.484087228775024414e-01 7.466795444488525391e-01 -1.827540062367916107e-02
4.383912086486816406e-01 7.122308611869812012e-01 -3.296208381652832031e-02
4.261896312236785889e-01 7.411864399909973145e-01 -2.917074598371982574e-02
4.885674715042114258e-01 8.328161239624023438e-01 3.934734687209129333e-02
4.734890758991241455e-01 8.492847084999084473e-01 2.761371247470378876e-02
4.369050562381744385e-01 8.785759210586547852e-01 2.737603150308132172e-03
5.165419578552246094e-01 8.001263737678527832e-01 9.847108274698257446e-02
4.494560360908508301e-01 5.981625318527221680e-01 6.204947829246520996e-03
4.300598502159118652e-01 6.424354910850524902e-01 -3.128893300890922546e-02
4.543736875057220459e-01 8.773872852325439453e-01 2.831989713013172150e-02
5.393276810646057129e-01 7.186881303787231445e-01 8.825097978115081787e-02
4.323187470436096191e-01 7.859438657760620117e-01 -1.573801226913928986e-02
4.342306852340698242e-01 7.903662919998168945e-01 -1.778216473758220673e-02
4.362324178218841553e-01 7.975013256072998047e-01 -1.983385533094406128e-02
4.378674924373626709e-01 8.065775036811828613e-01 -1.790942437946796417e-02
4.417961239814758301e-01 8.205131292343139648e-01 -7.541027851402759552e-03
4.471040070056915283e-01 7.839696407318115234e-01 -6.823083851486444473e-03
4.507757425308227539e-01 7.830011844635009766e-01 -6.897188257426023483e-03
4.544053375720977783e-01 7.805640697479248047e-01 -6.912719924002885818e-03
4.673320353031158447e-01 7.692567706108093262e-01 -4.202936775982379913e-03
5.150645375251770020e-01 7.260109782218933105e-01 2.294994890689849854e-02
4.300988018512725830e-01 6.239820122718811035e-01 -2.006083540618419647e-02
4.369276463985443115e-01 5.885859131813049316e-01 -8.340654312632977962e-04
4.441050589084625244e-01 5.925528407096862793e-01 3.934463486075401306e-03
4.444440603256225586e-01 7.816478610038757324e-01 -5.672484636306762695e-03
5.145765542984008789e-01 7.654314041137695312e-01 4.224511608481407166e-02
4.262044429779052734e-01 5.863184928894042969e-01 -1.604706607758998871e-02
4.491629600524902344e-01 8.358295559883117676e-01 2.203280600951984525e-04
4.215132892131805420e-01 6.333549022674560547e-01 -3.959828987717628479e-02
4.379718899726867676e-01 6.707578301429748535e-01 -3.067400120198726654e-02
4.309514760971069336e-01 8.451270461082458496e-01 -5.937446840107440948e-03
4.753674268722534180e-01 8.060253262519836426e-01 1.092543359845876694e-02
4.611154198646545410e-01 7.169020175933837891e-01 -7.358579430729150772e-03
4.635858237743377686e-01 8.232330679893493652e-01 5.803049076348543167e-03
4.898430109024047852e-01 7.129173278808593750e-01 -1.890218700282275677e-03
4.724291861057281494e-01 7.334564924240112305e-01 -5.280690733343362808e-03
4.989438652992248535e-01 7.401069998741149902e-01 7.832659408450126648e-03
4.353088140487670898e-01 8.640208244323730469e-01 -4.301492590457201004e-03
4.445717334747314453e-01 6.808213591575622559e-01 -2.171937003731727600e-02
4.855149984359741211e-01 8.167146444320678711e-01 2.384517528116703033e-02
4.705863893032073975e-01 8.348206877708435059e-01 1.650291308760643005e-02
4.848691821098327637e-01 7.854455113410949707e-01 1.186737790703773499e-02
5.262025594711303711e-01 7.434211969375610352e-01 5.332953482866287231e-02
4.996712207794189453e-01 7.857927680015563965e-01 2.490179799497127533e-02
5.319332480430603027e-01 7.537847161293029785e-01 8.348812907934188843e-02
4.810797274112701416e-01 7.557244896888732910e-01 6.694010808132588863e-04
4.374350905418395996e-01 6.542264223098754883e-01 -2.247462235391139984e-02
4.363916814327239990e-01 7.066761255264282227e-01 -4.796696081757545471e-02
4.431974887847900391e-01 7.110006809234619141e-01 -3.442019969224929810e-02
4.320032596588134766e-01 6.949047446250915527e-01 -5.657801777124404907e-02
4.474925696849822998e-01 5.711594820022583008e-01 -5.135502200573682785e-03
4.677572548389434814e-01 5.605322122573852539e-01 -6.415616720914840698e-03
4.851152598857879639e-01 5.587640404701232910e-01 -4.767059348523616791e-03
4.992919564247131348e-01 5.618226528167724609e-01 9.053182438947260380e-04
5.089143514633178711e-01 5.698305964469909668e-01 9.000632911920547485e-03
5.153223276138305664e-01 6.016148328781127930e-01 2.836102992296218872e-02
5.477166175842285156e-01 6.437179446220397949e-01 8.581585437059402466e-02
5.062052011489868164e-01 6.283135414123535156e-01 1.828931458294391632e-02
4.938023090362548828e-01 6.341782212257385254e-01 1.078623160719871521e-02
4.774395227432250977e-01 6.345002651214599609e-01 5.347023718059062958e-03
4.618405699729919434e-01 6.303699612617492676e-01 2.195382257923483849e-03
4.497697949409484863e-01 6.242978572845458984e-01 2.146740909665822983e-03
4.414770007133483887e-01 6.181893944740295410e-01 9.292210452258586884e-04
5.462422966957092285e-01 6.411167979240417480e-01 1.333527266979217529e-01
4.424659907817840576e-01 7.155304551124572754e-01 -2.817116491496562958e-02
4.300687611103057861e-01 6.589076519012451172e-01 -4.053799435496330261e-02
4.286032319068908691e-01 7.076281905174255371e-01 -5.752324312925338745e-02
4.218198955059051514e-01 7.156694531440734863e-01 -5.246195569634437561e-02
4.282409846782684326e-01 7.101233005523681641e-01 -5.151011422276496887e-02
4.389533102512359619e-01 7.206252813339233398e-01 -2.400538139045238495e-02
4.199398458003997803e-01 7.175061702728271484e-01 -5.566713958978652954e-02
4.185191988945007324e-01 7.207393646240234375e-01 -4.102294519543647766e-02
4.418308734893798828e-01 6.041533946990966797e-01 6.475897040218114853e-03
4.348586499691009521e-01 6.080529689788818359e-01 -8.154662791639566422e-04
4.310816526412963867e-01 6.109269857406616211e-01 -8.688683621585369110e-03
5.005801916122436523e-01 5.952193140983581543e-01 1.446381583809852600e-02
5.067538022994995117e-01 5.872097015380859375e-01 1.521103084087371826e-02
