5.760289430618286133e-01 7.026193737983703613e-01 -3.261055797338485718e-02
5.773042440414428711e-01 6.473272442817687988e-01 -6.203717738389968872e-02
5.763708949089050293e-01 6.638250350952148438e-01 -3.165749460458755493e-02
5.671830773353576660e-01 5.894581675529479980e-01 -4.787293449044227600e-02
5.774678587913513184e-01 6.297913789749145508e-01 -6.641490757465362549e-02
5.773926377296447754e-01 6.062911152839660645e-01 -6.213867291808128357e-02
5.770619511604309082e-01 5.491347312927246094e-01 -3.115252219140529633e-02
4.904219508171081543e-01 5.409694910049438477e-01 1.092732883989810944e-02
5.772113204002380371e-01 5.001334547996520996e-01 -2.391516976058483124e-02
5.775076746940612793e-01 4.756089448928833008e-01 -2.704153582453727722e-02
5.775743126869201660e-01 3.992165625095367432e-01 -1.691363751888275146e-02
5.759394764900207520e-01 7.110248804092407227e-01 -3.083336912095546722e-02
5.757794976234436035e-01 7.171276211738586426e-01 -2.642868272960186005e-02
5.756627917289733887e-01 7.194949984550476074e-01 -2.094798162579536438e-02
5.761403441429138184e-01 7.231646776199340820e-01 -2.026698365807533264e-02
5.762042403221130371e-01 7.304617166519165039e-01 -2.186986245214939117e-02
5.761551856994628906e-01 7.396064400672912598e-01 -2.376177720725536346e-02
5.760701298713684082e-01 7.486332058906555176e-01 -2.146650850772857666e-02
5.756921768188476562e-01 7.617106437683105469e-01 -9.153231978416442871e-03
5.769388675689697266e-01 6.559207439422607422e-01 -5.577167496085166931e-02
5.666808485984802246e-01 6.541439890861511230e-01 -3.991197794675827026e-02
4.460910558700561523e-01 4.729360938072204590e-01 6.474503874778747559e-02
5.248648524284362793e-01 5.578309297561645508e-01 -4.189592145849019289e-04
5.128918290138244629e-01 5.588334202766418457e-01 4.018827166873961687e-04
5.014610290527343750e-01 5.575585365295410156e-01 3.569895867258310318e-03
4.861187338829040527e-01 5.470257401466369629e-01 1.297121960669755936e-02
5.349451899528503418e-01 5.535287857055664062e-01 1.690731383860111237e-03
5.098373889923095703e-01 5.121905803680419922e-01 -5.727909039705991745e-03
5.223647356033325195e-01 5.139266252517700195e-01 -5.304344929754734039e-03
4.979499578475952148e-01 5.144413113594055176e-01 -1.798700424842536449e-03
4.897644221782684326e-01 5.203353166580200195e-01 2.923331456258893013e-03
4.763351678848266602e-01 5.581687092781066895e-01 1.914944499731063843e-02
5.325766801834106445e-01 7.834489941596984863e-01 4.170937929302453995e-03
4.862144589424133301e-01 5.363155603408813477e-01 1.475647930055856705e-02
4.402656555175781250e-01 5.462183952331542969e-01 7.097536325454711914e-02
4.629147052764892578e-01 5.444805026054382324e-01 3.074259869754314423e-02
5.173780918121337891e-01 6.297199726104736328e-01 -9.456015191972255707e-03
5.624362826347351074e-01 6.997380256652832031e-01 -3.145349398255348206e-02
5.643149018287658691e-01 7.165406346321105957e-01 -2.518275752663612366e-02
5.484054088592529297e-01 7.048085927963256836e-01 -2.486123889684677124e-02
5.393607616424560547e-01 7.110067009925842285e-01 -1.695577800273895264e-02
5.542966723442077637e-01 7.173182964324951172e-01 -2.127231843769550323e-02
5.463724732398986816e-01 7.184749245643615723e-01 -1.381735038012266159e-02
5.241262912750244141e-01 7.343474626541137695e-01 1.364891417324542999e-03
5.678089261054992676e-01 6.467099189758300781e-01 -6.126171350479125977e-02
5.662878751754760742e-01 6.298753023147583008e-01 -6.529952585697174072e-02
4.708075523376464844e-01 4.983347654342651367e-01 6.914506666362285614e-03
5.409312248229980469e-01 5.870009064674377441e-01 -1.121105626225471497e-02
5.414820313453674316e-01 6.417971253395080566e-01 -3.340138122439384460e-02
5.402421951293945312e-01 6.323519349098205566e-01 -3.016594424843788147e-02
4.813181161880493164e-01 6.265348196029663086e-01 4.737119656056165695e-03
5.666813850402832031e-01 6.080060601234436035e-01 -5.881208181381225586e-02
4.984726011753082275e-01 4.787982106208801270e-01 -1.256393548101186752e-02
4.824092090129852295e-01 4.851903021335601807e-01 -3.525896463543176651e-03
4.581969678401947021e-01 4.431767463684082031e-01 4.079551249742507935e-02
5.505222082138061523e-01 4.942018985748291016e-01 -2.136005088686943054e-02
5.333573818206787109e-01 5.201610922813415527e-01 -1.597901107743382454e-03
5.155069828033447266e-01 7.187070250511169434e-01 3.259537741541862488e-03
4.543378353118896484e-01 7.000587582588195801e-01 1.081728115677833557e-01
5.499698519706726074e-01 6.510567069053649902e-01 -2.856440469622612000e-02
5.592471957206726074e-01 6.561453342437744141e-01 -2.858304046094417572e-02
5.291806459426879883e-01 7.199450731277465820e-01 1.756716519594192505e-03
5.344010591506958008e-01 7.186796665191650391e-01 -1.485834131017327309e-03
4.753529429435729980e-01 4.731801450252532959e-01 1.338068279437720776e-03
5.411372184753417969e-01 6.490961909294128418e-01 -2.669076807796955109e-02
5.203453302383422852e-01 4.799693226814270020e-01 -1.893933117389678955e-02
5.182446837425231934e-01 4.657400548458099365e-01 -2.184765785932540894e-02
5.074104666709899902e-01 4.055850207805633545e-01 -4.325678106397390366e-03
4.666329920291900635e-01 4.582470655441284180e-01 1.779800094664096832e-02
5.140792131423950195e-01 4.359071254730224609e-01 -1.400942355394363403e-02
4.631407260894775391e-01 4.901146590709686279e-01 1.650168001651763916e-02
4.543432593345642090e-01 4.827957153320312500e-01 3.866064921021461487e-02
5.631556510925292969e-01 7.095303535461425781e-01 -2.979497984051704407e-02
5.517310500144958496e-01 7.125729322433471680e-01 -2.372842095792293549e-02
5.428927540779113770e-01 7.150830626487731934e-01 -1.635772921144962311e-02
5.528721213340759277e-01 6.541098952293395996e-01 -2.541503868997097015e-02
5.319517254829406738e-01 7.196410894393920898e-01 9.651575237512588501e-05
5.364831089973449707e-01 7.228429317474365234e-01 -6.716546136885881424e-03
5.353950262069702148e-01 7.174737453460693359e-01 -1.746594556607306004e-03
5.558602809906005859e-01 6.455811858177185059e-01 -4.471075162291526794e-02
5.485934615135192871e-01 7.172898650169372559e-01 -1.175713725388050079e-02
5.565277934074401855e-01 7.179404497146606445e-01 -1.647255197167396545e-02
5.656033754348754883e-01 7.186992764472961426e-01 -2.012323401868343353e-02
5.606330037117004395e-01 7.613037824630737305e-01 -9.141012094914913177e-03
5.619467496871948242e-01 7.470647096633911133e-01 -2.131244726479053497e-02
5.626669526100158691e-01 7.373452186584472656e-01 -2.316603437066078186e-02
5.637270212173461914e-01 7.286008000373840332e-01 -2.102514356374740601e-02
5.647696852684020996e-01 7.224639058113098145e-01 -1.933118328452110291e-02
5.464421510696411133e-01 7.203027009963989258e-01 -1.118730381131172180e-02
5.447336435317993164e-01 7.225235700607299805e-01 -1.301907561719417572e-02
5.422015190124511719e-01 7.270148396492004395e-01 -1.473909895867109299e-02
5.398273468017578125e-01 7.325940728187561035e-01 -1.253575924783945084e-02
5.288137197494506836e-01 6.911873221397399902e-01 -1.342013292014598846e-02
4.403038024902343750e-01 6.175932884216308594e-01 1.228378862142562866e-01
5.766440033912658691e-01 6.588338017463684082e-01 -4.003551974892616272e-02
5.412546396255493164e-01 7.196239829063415527e-01 -5.725870840251445770e-03
5.391147732734680176e-01 7.207167148590087891e-01 -6.859218701720237732e-03
5.628426074981689453e-01 6.636701822280883789e-01 -2.899849973618984222e-02
5.449487566947937012e-01 6.592362523078918457e-01 -1.758836954832077026e-02
5.611690878868103027e-01 6.600309610366821289e-01 -2.894897013902664185e-02
5.284172892570495605e-01 5.967580676078796387e-01 -7.242459803819656372e-03
5.087805390357971191e-01 6.077392697334289551e-01 -3.757236292585730553e-03
5.383789539337158203e-01 6.397071480751037598e-01 -2.329342812299728394e-02
4.775017201900482178e-01 4.201370477676391602e-01 1.628505997359752655e-02
4.852810204029083252e-01 4.416285157203674316e-01 5.972005310468375683e-04
4.938346743583679199e-01 4.647572040557861328e-01 -1.142862532287836075e-02
5.334101915359497070e-01 7.448918223381042480e-01 -3.566351486369967461e-03
5.470814108848571777e-01 4.708428382873535156e-01 -2.676804736256599426e-02
5.439069271087646484e-01 4.371042251586914062e-01 -2.198248542845249176e-02
5.397984385490417480e-01 3.997868895530700684e-01 -1.563301682472229004e-02
4.916911721229553223e-01 5.537639260292053223e-01 8.611903525888919830e-03
4.632906913757324219e-01 5.702280998229980469e-01 2.555548027157783508e-02
5.414394736289978027e-01 5.489243268966674805e-01 3.298672614619135857e-03
4.763823449611663818e-01 5.238580107688903809e-01 1.320676133036613464e-02
5.492635369300842285e-01 5.758085250854492188e-01 -1.534668635576963425e-02
5.482245683670043945e-01 6.354345083236694336e-01 -4.482636228203773499e-02
4.505095481872558594e-01 5.807074308395385742e-01 3.878716006875038147e-02
4.716388285160064697e-01 5.835977196693420410e-01 1.512690261006355286e-02
4.873842000961303711e-01 5.911056995391845703e-01 4.627988208085298538e-03
5.104591846466064453e-01 5.887148976325988770e-01 3.048558719456195831e-04
5.273416042327880859e-01 5.818302035331726074e-01 -2.115295035764575005e-03
5.398858189582824707e-01 5.738369822502136230e-01 -4.853920545428991318e-03
5.656312704086303711e-01 5.532109737396240234e-01 -2.706907689571380615e-02
4.530461728572845459e-01 6.170724034309387207e-01 3.634630888700485229e-02
4.661185741424560547e-01 5.196968913078308105e-01 1.866645365953445435e-02
5.713843107223510742e-01 6.549835801124572754e-01 -5.529070273041725159e-02
5.426342487335205078e-01 6.044264435768127441e-01 -1.593257859349250793e-02
4.365299046039581299e-01 5.432384014129638672e-01 1.110328510403633118e-01
5.492285490036010742e-01 5.644745826721191406e-01 -6.479125004261732101e-03
5.368941426277160645e-01 6.404297947883605957e-01 -1.166949979960918427e-02
4.825417399406433105e-01 5.368276834487915039e-01 1.706860587000846863e-02
5.473639369010925293e-01 6.240972876548767090e-01 -4.069105908274650574e-02
4.449720680713653564e-01 6.580249071121215820e-01 1.187570095062255859e-01
5.413644313812255859e-01 5.421969890594482422e-01 5.818747915327548981e-03
5.566317439079284668e-01 6.140851378440856934e-01 -5.199799314141273499e-02
4.822613596916198730e-01 7.438223958015441895e-01 4.519410431385040283e-02
4.823715090751647949e-01 7.591675519943237305e-01 6.805006414651870728e-02
4.410727024078369141e-01 6.179007887840270996e-01 7.928492128849029541e-02
4.666557312011718750e-01 7.208166122436523438e-01 5.934002995491027832e-02
4.469046890735626221e-01 5.121828317642211914e-01 5.815358459949493408e-02
5.302795171737670898e-01 7.973164319992065430e-01 1.194058544933795929e-02
5.723900794982910156e-01 6.580958366394042969e-01 -3.931716457009315491e-02
5.319529175758361816e-01 6.168698072433471680e-01 -1.167692523449659348e-02
4.522390365600585938e-01 5.469611287117004395e-01 4.230903461575508118e-02
5.023786425590515137e-01 5.471904873847961426e-01 4.116315860301256180e-03
5.126801729202270508e-01 5.491952300071716309e-01 1.514767995104193687e-03
5.335106849670410156e-01 7.260780334472656250e-01 -4.736267030239105225e-03
4.564333558082580566e-01 6.503930687904357910e-01 4.113942384719848633e-02
5.509220361709594727e-01 8.176829814910888672e-01 1.694867759943008423e-02
5.165581703186035156e-01 7.951356768608093262e-01 3.845944255590438843e-02
5.010276436805725098e-01 7.806494832038879395e-01 5.113975331187248230e-02
5.775696039199829102e-01 4.391396045684814453e-01 -2.332096733152866364e-02
5.745301842689514160e-01 8.210572004318237305e-01 1.440431457012891769e-02
5.227890610694885254e-01 5.485548973083496094e-01 1.336782705038785934e-03
5.322980284690856934e-01 5.458866357803344727e-01 3.141537541523575783e-03
5.384016633033752441e-01 5.439964532852172852e-01 5.759193561971187592e-03
4.570094943046569824e-01 5.154981017112731934e-01 3.044202364981174469e-02
5.313341617584228516e-01 5.308754444122314453e-01 5.925842560827732086e-04
5.210372209548950195e-01 5.263191461563110352e-01 -1.492217532359063625e-03
5.105940103530883789e-01 5.251446366310119629e-01 -1.257645664736628532e-03
5.000455975532531738e-01 5.273167490959167480e-01 1.617061556316912174e-03
4.932982921600341797e-01 5.311794281005859375e-01 5.318251904100179672e-03
4.391910731792449951e-01 5.044128298759460449e-01 9.054040163755416870e-02
4.953570961952209473e-01 5.441291928291320801e-01 7.783387321978807449e-03
5.762314796447753906e-01 6.756951808929443359e-01 -2.905800379812717438e-02
5.392512083053588867e-01 6.823335289955139160e-01 -1.879282481968402863e-02
5.497717261314392090e-01 6.484672427177429199e-01 -3.286869078874588013e-02
5.611149668693542480e-01 6.773692965507507324e-01 -2.857136726379394531e-02
5.770106315612792969e-01 5.246443748474121094e-01 -2.322935685515403748e-02
4.984873533248901367e-01 7.650576233863830566e-01 3.477943688631057739e-02
5.138297677040100098e-01 7.810747623443603516e-01 2.410215884447097778e-02
5.504301190376281738e-01 8.096901774406433105e-01 1.659778528846800327e-03
4.672692418098449707e-01 7.342206835746765137e-01 8.951620012521743774e-02
5.383505821228027344e-01 5.376293659210205078e-01 3.715707454830408096e-03
5.577371120452880859e-01 5.811594724655151367e-01 -3.101605735719203949e-02
5.751413702964782715e-01 8.124519586563110352e-01 -4.931170260533690453e-04
5.326920747756958008e-01 8.081813454627990723e-01 2.530779130756855011e-02
4.457211494445800781e-01 6.547747254371643066e-01 7.861299812793731689e-02
5.548056960105895996e-01 7.211459279060363770e-01 -1.573358662426471710e-02
5.530275702476501465e-01 7.254408001899719238e-01 -1.782726310193538666e-02
5.511804223060607910e-01 7.323087453842163086e-01 -1.966867968440055847e-02
5.496540069580078125e-01 7.409495115280151367e-01 -1.780741661787033081e-02
5.455585718154907227e-01 7.543717622756958008e-01 -7.995993830263614655e-03
5.393250584602355957e-01 7.186818122863769531e-01 -7.183607667684555054e-03
5.358836054801940918e-01 7.176697850227355957e-01 -7.409754209220409393e-03
5.324507355690002441e-01 7.152550220489501953e-01 -7.741010282188653946e-03
5.200983285903930664e-01 7.039329409599304199e-01 -5.689185578376054764e-03
4.729140400886535645e-01 6.614001989364624023e-01 1.781049929559230804e-02
5.575485825538635254e-01 5.633826255798339844e-01 -2.037326805293560028e-02
5.507262349128723145e-01 5.287760496139526367e-01 -2.223899355158209801e-03
5.435348153114318848e-01 5.325282216072082520e-01 1.860564341768622398e-03
5.416846275329589844e-01 7.164326310157775879e-01 -5.953443236649036407e-03
4.724284410476684570e-01 6.998399496078491211e-01 3.611871972680091858e-02
5.613458156585693359e-01 5.271478891372680664e-01 -1.623070798814296722e-02
5.384304523468017578e-01 7.689156532287597656e-01 -1.033100881613790989e-03
5.772895216941833496e-01 5.869978666305541992e-01 -5.149568989872932434e-02
5.661153197288513184e-01 5.724315047264099121e-01 -3.864579647779464722e-02
5.771623849868774414e-01 5.689603686332702637e-01 -4.100690782070159912e-02
5.499511361122131348e-01 6.085518002510070801e-01 -3.065987490117549896e-02
5.754936933517456055e-01 7.980219125747680664e-01 -7.640185300260782242e-03
5.756345391273498535e-01 7.789523005485534668e-01 -8.285389281809329987e-03
5.564520359039306641e-01 7.779157757759094238e-01 -6.604326888918876648e-03
5.121861696243286133e-01 7.395371794700622559e-01 8.588010445237159729e-03
5.267081856727600098e-01 6.532939076423645020e-01 -8.790356107056140900e-03
5.240653157234191895e-01 7.563763856887817383e-01 4.227681085467338562e-03
4.988701939582824707e-01 6.488898396492004395e-01 -4.783384967595338821e-03
5.156588554382324219e-01 6.691841483116149902e-01 -7.086310535669326782e-03
4.894422888755798340e-01 6.750675439834594727e-01 4.336942452937364578e-03
5.522813796997070312e-01 7.960092425346374512e-01 -5.262380931526422501e-03
5.431871414184570312e-01 6.182104349136352539e-01 -2.240930125117301941e-02
5.021610260009765625e-01 7.496060132980346680e-01 2.033816650509834290e-02
5.172345638275146484e-01 7.672663331031799316e-01 1.387726422399282455e-02
5.029386281967163086e-01 7.193850278854370117e-01 8.958874270319938660e-03
4.604960381984710693e-01 6.783599853515625000e-01 4.619041085243225098e-02
4.878928065299987793e-01 7.195338606834411621e-01 2.064684219658374786e-02
4.531362652778625488e-01 6.889613866806030273e-01 7.445449382066726685e-02
5.069059133529663086e-01 6.906011104583740234e-01 -1.678592874668538570e-03
5.503446459770202637e-01 5.925478339195251465e-01 -2.295879460871219635e-02
5.521644353866577148e-01 6.429635882377624512e-01 -4.715824127197265625e-02
5.451282858848571777e-01 6.472980380058288574e-01 -3.436724096536636353e-02
5.565831065177917480e-01 6.317295432090759277e-01 -5.534969642758369446e-02
5.409296751022338867e-01 5.121449828147888184e-01 -6.656843237578868866e-03
5.219489932060241699e-01 5.020209550857543945e-01 -8.874368853867053986e-03
5.055363774299621582e-01 5.001392960548400879e-01 -8.187768049538135529e-03
4.917011559009552002e-01 5.027465224266052246e-01 -3.500553080812096596e-03
4.818998277187347412e-01 5.101578831672668457e-01 3.704939037561416626e-03
4.740493297576904297e-01 5.405397415161132812e-01 2.203041128814220428e-02
4.388309419155120850e-01 5.818076729774475098e-01 7.553627341985702515e-02
4.829445779323577881e-01 5.661705732345581055e-01 1.312135066837072372e-02
4.952445626258850098e-01 5.720348358154296875e-01 6.504784803837537766e-03
5.111776590347290039e-01 5.724399685859680176e-01 2.164815319702029228e-03
5.262709259986877441e-01 5.687844753265380859e-01 -2.282435307279229164e-04
5.380368828773498535e-01 5.630097389221191406e-01 1.687717594904825091e-04
5.460820794105529785e-01 5.572639107704162598e-01 -6.814942462369799614e-04
4.380787611007690430e-01 5.799101591110229492e-01 1.208888888359069824e-01
5.454328060150146484e-01 6.516879200935363770e-01 -2.837471105158329010e-02
5.579682588577270508e-01 5.971698164939880371e-01 -3.986386954784393311e-02
5.599351525306701660e-01 6.439424753189086914e-01 -5.593549832701683044e-02
5.660460591316223145e-01 6.518383622169494629e-01 -5.071854218840599060e-02
5.600532293319702148e-01 6.463676095008850098e-01 -5.016383528709411621e-02
5.486328005790710449e-01 6.566800475120544434e-01 -2.405096217989921570e-02
5.680015683174133301e-01 6.536174416542053223e-01 -5.364485830068588257e-02
5.689738988876342773e-01 6.568004488945007324e-01 -3.964752703905105591e-02
5.456575155258178711e-01 5.433871746063232422e-01 4.491864703595638275e-03
5.525163412094116211e-01 5.475389957427978516e-01 -2.085601445287466049e-03
5.563464760780334473e-01 5.506450533866882324e-01 -9.557110257446765900e-03
4.892914593219757080e-01 5.339908599853515625e-01 9.400293231010437012e-03
4.834865331649780273e-01 5.265828967094421387e-01 9.876358322799205780e-03
5.871994495391845703e-01 5.897251963615417480e-01 -4.704673960804939270e-02
6.602736115455627441e-01 5.435090661048889160e-01 1.701001264154911041e-02
5.863991379737854004e-01 6.545336246490478516e-01 -3.922903165221214294e-02
7.002900242805480957e-01 4.769784808158874512e-01 7.396598905324935913e-02
6.264755129814147949e-01 5.595308542251586914e-01 3.476478625088930130e-03
6.382629275321960449e-01 5.608041882514953613e-01 5.105991382151842117e-03
6.493693590164184570e-01 5.598010420799255371e-01 8.936361409723758698e-03
6.639146804809570312e-01 5.495288968086242676e-01 1.942821964621543884e-02
6.166177988052368164e-01 5.549691915512084961e-01 4.722532350569963455e-03
6.422176361083984375e-01 5.142226815223693848e-01 -8.320455090142786503e-04
6.296114325523376465e-01 5.156212449073791504e-01 -1.527728280052542686e-03
6.538290977478027344e-01 5.168429613113403320e-01 3.862291807308793068e-03
6.615371108055114746e-01 5.229568481445312500e-01 9.022620506584644318e-03
6.729697585105895996e-01 5.608983039855957031e-01 2.599787339568138123e-02
6.173996329307556152e-01 7.837812304496765137e-01 7.036336697638034821e-03
6.642389297485351562e-01 5.388544797897338867e-01 2.109312452375888824e-02
7.046759724617004395e-01 5.495901703834533691e-01 8.033277839422225952e-02
6.855140924453735352e-01 5.473838448524475098e-01 3.844537213444709778e-02
6.336250305175781250e-01 6.313063502311706543e-01 -5.509574431926012039e-03
5.894317030906677246e-01 7.000770568847656250e-01 -3.044517524540424347e-02
5.870987772941589355e-01 7.167835831642150879e-01 -2.435876242816448212e-02
6.028885245323181152e-01 7.055293321609497070e-01 -2.293110080063343048e-02
6.112866997718811035e-01 7.119331359863281250e-01 -1.427460182458162308e-02
5.966312289237976074e-01 7.178892493247985840e-01 -1.956219412386417389e-02
6.041088104248046875e-01 7.192397713661193848e-01 -1.161067374050617218e-02
6.258333325386047363e-01 7.355154752731323242e-01 4.886761307716369629e-03
5.865826010704040527e-01 6.469222903251647949e-01 -6.064268574118614197e-02
5.885081887245178223e-01 6.301615238189697266e-01 -6.468003988265991211e-02
6.800015568733215332e-01 5.011724233627319336e-01 1.416156440973281860e-02
6.109839677810668945e-01 5.881531238555908203e-01 -8.556251414120197296e-03
6.109545230865478516e-01 6.427983045578002930e-01 -3.088184632360935211e-02
6.120008230209350586e-01 6.334327459335327148e-01 -2.761955559253692627e-02
6.681226491928100586e-01 6.287429332733154297e-01 1.117754075676202774e-02
5.879634618759155273e-01 6.083507537841796875e-01 -5.799023434519767761e-02
6.547097563743591309e-01 4.812311530113220215e-01 -7.394972257316112518e-03
6.697297096252441406e-01 4.878987073898315430e-01 2.884917426854372025e-03
6.906311511993408203e-01 4.471722245216369629e-01 4.912184178829193115e-02
6.035487055778503418e-01 4.950993061065673828e-01 -1.961820386350154877e-02
6.186870336532592773e-01 5.216304659843444824e-01 1.585327321663498878e-03
6.342132091522216797e-01 7.201586961746215820e-01 7.658143062144517899e-03
6.864565610885620117e-01 7.017772197723388672e-01 1.169047504663467407e-01
6.023705005645751953e-01 6.519699692726135254e-01 -2.670517005026340485e-02
5.932280421257019043e-01 6.568757891654968262e-01 -2.758947387337684631e-02
6.208512783050537109e-01 7.212286591529846191e-01 5.520318169146776199e-03
6.156123876571655273e-01 7.197864651679992676e-01 1.659290515817701817e-03
6.763989329338073730e-01 4.762001037597656250e-01 8.162168785929679871e-03
6.108309626579284668e-01 6.502065658569335938e-01 -2.425519935786724091e-02
6.335546374320983887e-01 4.817677438259124756e-01 -1.534477621316909790e-02
6.359626650810241699e-01 4.676694869995117188e-01 -1.812746934592723846e-02
6.455898284912109375e-01 4.082664251327514648e-01 4.382136103231459856e-04
6.837963461875915527e-01 4.616790115833282471e-01 2.522954158484935760e-02
6.397835016250610352e-01 4.382033944129943848e-01 -9.833207353949546814e-03
6.869581937789916992e-01 4.932742714881896973e-01 2.429839037358760834e-02
6.939745545387268066e-01 4.863502979278564453e-01 4.708425328135490417e-02
5.885323286056518555e-01 7.099397778511047363e-01 -2.878562919795513153e-02
5.994474291801452637e-01 7.132557630538940430e-01 -2.191664092242717743e-02
6.078196763992309570e-01 7.158811688423156738e-01 -1.399351283907890320e-02
5.993519425392150879e-01 6.549322605133056641e-01 -2.396600320935249329e-02
6.180291771888732910e-01 7.207754254341125488e-01 3.407668555155396461e-03
6.141350269317626953e-01 7.237834930419921875e-01 -4.065105225890874863e-03
6.144834160804748535e-01 7.185690402984619141e-01 1.358350622467696667e-03
5.973917841911315918e-01 6.462796926498413086e-01 -4.303481802344322205e-02
6.016717553138732910e-01 7.180073261260986328e-01 -9.775870479643344879e-03
5.941270589828491211e-01 7.185276150703430176e-01 -1.494603045284748077e-02
5.854412317276000977e-01 7.189764380455017090e-01 -1.927159354090690613e-02
5.906343460083007812e-01 7.615010738372802734e-01 -8.298758417367935181e-03
5.900499820709228516e-01 7.474266290664672852e-01 -2.038710005581378937e-02
5.895069837570190430e-01 7.377357482910156250e-01 -2.222017571330070496e-02
5.884709358215332031e-01 7.289388775825500488e-01 -2.010326087474822998e-02
5.873324275016784668e-01 7.228185534477233887e-01 -1.845695264637470245e-02
6.046789288520812988e-01 7.210338711738586426e-01 -9.103940799832344055e-03
6.063792109489440918e-01 7.232777476310729980e-01 -1.102099195122718811e-02
6.089335680007934570e-01 7.278239130973815918e-01 -1.259939279407262802e-02
6.111714839935302734e-01 7.334160804748535156e-01 -1.016345247626304626e-02
6.220754981040954590e-01 6.923865675926208496e-01 -1.028958894312381744e-02
7.003411650657653809e-01 6.201876997947692871e-01 1.324665397405624390e-01
6.092543005943298340e-01 7.205088734626770020e-01 -3.078303532674908638e-03
6.115248203277587891e-01 7.217171788215637207e-01 -4.280868452042341232e-03
5.896384716033935547e-01 6.641427278518676758e-01 -2.815532311797142029e-02
6.066967248916625977e-01 6.602282524108886719e-01 -1.576810330152511597e-02
5.912926793098449707e-01 6.606478095054626465e-01 -2.808789908885955811e-02
6.229819059371948242e-01 5.981820225715637207e-01 -3.713729791343212128e-03
6.421305537223815918e-01 6.095703244209289551e-01 1.013904111459851265e-03
6.134159564971923828e-01 6.408492326736450195e-01 -2.077153511345386505e-02
6.735008358955383301e-01 4.236027598381042480e-01 2.296406216919422150e-02
6.669730544090270996e-01 4.446986913681030273e-01 6.608157884329557419e-03
6.592834591865539551e-01 4.673399031162261963e-01 -6.040921900421380997e-03
6.170467138290405273e-01 7.456150650978088379e-01 -7.791091338731348515e-04
6.076964139938354492e-01 4.719081521034240723e-01 -2.478003874421119690e-02
6.107398271560668945e-01 4.384200870990753174e-01 -1.967331208288669586e-02
6.145718097686767578e-01 4.012065529823303223e-01 -1.317253708839416504e-02
6.586551666259765625e-01 5.562008023262023926e-01 1.455767173320055008e-02
6.850507855415344238e-01 5.731047391891479492e-01 3.324801847338676453e-02
6.102903485298156738e-01 5.501798391342163086e-01 6.045951973646879196e-03
6.738184690475463867e-01 5.266439914703369141e-01 2.021206170320510864e-02
6.032065153121948242e-01 5.767298340797424316e-01 -1.322265341877937317e-02
6.049920916557312012e-01 6.363117694854736328e-01 -4.279166087508201599e-02
6.963059902191162109e-01 5.836775898933410645e-01 4.744201526045799255e-02
6.773645281791687012e-01 5.862722992897033691e-01 2.235937304794788361e-02
6.626247763633728027e-01 5.934048891067504883e-01 1.072223111987113953e-02
6.404043436050415039e-01 5.905632972717285156e-01 4.989736247807741165e-03
6.240011453628540039e-01 5.832822322845458984e-01 1.536928117275238037e-03
6.118589043617248535e-01 5.750268101692199707e-01 -2.201080555096268654e-03
5.882435441017150879e-01 5.535795688629150391e-01 -2.623124234378337860e-02
6.935588121414184570e-01 6.198216676712036133e-01 4.494123533368110657e-02
6.834447979927062988e-01 5.226505994796752930e-01 2.641729824244976044e-02
5.824545025825500488e-01 6.551495790481567383e-01 -5.481480062007904053e-02
6.092882752418518066e-01 6.055286526679992676e-01 -1.344572938978672028e-02
7.057980895042419434e-01 5.467180013656616211e-01 1.209611967206001282e-01
6.029987335205078125e-01 5.655293464660644531e-01 -4.428830929100513458e-03
6.143377423286437988e-01 6.415715217590332031e-01 -9.168566204607486725e-03
6.675422191619873047e-01 5.394806265830993652e-01 2.376479841768741608e-02
6.055786013603210449e-01 6.250119805335998535e-01 -3.868668898940086365e-02
6.953194141387939453e-01 6.601589918136596680e-01 1.281771659851074219e-01
6.102635860443115234e-01 5.434137582778930664e-01 8.693289011716842651e-03
5.973613262176513672e-01 6.146835088729858398e-01 -5.050000548362731934e-02
6.635992527008056641e-01 7.449483871459960938e-01 5.163538455963134766e-02
6.616158485412597656e-01 7.600474953651428223e-01 7.459256052970886230e-02
7.024679183959960938e-01 6.205476522445678711e-01 8.870021253824234009e-02
6.777192950248718262e-01 7.223063707351684570e-01 6.707607954740524292e-02
6.995950937271118164e-01 5.157070159912109375e-01 6.707119196653366089e-02
6.189941167831420898e-01 7.975594401359558105e-01 1.512519083917140961e-02
5.808921456336975098e-01 6.581931710243225098e-01 -3.913376480340957642e-02
6.194264292716979980e-01 6.181631684303283691e-01 -8.522005751729011536e-03
6.949527263641357422e-01 5.499995350837707520e-01 5.080258846282958984e-02
6.488080024719238281e-01 5.495316982269287109e-01 9.437164291739463806e-03
6.386903524398803711e-01 5.512808561325073242e-01 6.213642191141843796e-03
6.169761419296264648e-01 7.271078824996948242e-01 -1.744529930874705315e-03
6.896005272865295410e-01 6.527764797210693359e-01 4.949357360601425171e-02
5.979219079017639160e-01 8.178080320358276367e-01 1.864331960678100586e-02
6.305652260780334473e-01 7.955093979835510254e-01 4.274892807006835938e-02
6.447721123695373535e-01 7.812128663063049316e-01 5.659449845552444458e-02
6.286428570747375488e-01 5.503882765769958496e-01 5.373680498450994492e-03
6.193233132362365723e-01 5.473818182945251465e-01 6.606740877032279968e-03
6.133030056953430176e-01 5.453489422798156738e-01 8.838620968163013458e-03
6.914917230606079102e-01 5.185340642929077148e-01 3.870387747883796692e-02
6.203507184982299805e-01 5.323460102081298828e-01 4.043971654027700424e-03
6.305028200149536133e-01 5.280463695526123047e-01 2.517493208870291710e-03
6.408753395080566406e-01 5.271570086479187012e-01 3.639880334958434105e-03
6.512601971626281738e-01 5.295335054397583008e-01 7.013234309852123260e-03
6.577078700065612793e-01 5.334815979003906250e-01 1.113921497017145157e-02
7.051082849502563477e-01 5.082525014877319336e-01 1.001670956611633301e-01
6.555789709091186523e-01 5.465679168701171875e-01 1.353396195918321609e-02
6.120966672897338867e-01 6.832937598228454590e-01 -1.635515131056308746e-02
6.028017401695251465e-01 6.493256092071533203e-01 -3.105878271162509918e-02
5.911565423011779785e-01 6.777749657630920410e-01 -2.755231410264968872e-02
6.485478281974792480e-01 7.659240961074829102e-01 4.009350761771202087e-02
6.341835260391235352e-01 7.815955877304077148e-01 2.825175225734710693e-02
5.995426177978515625e-01 8.098340630531311035e-01 3.245140193030238152e-03
6.747933030128479004e-01 7.354711890220642090e-01 9.719019383192062378e-02
6.133621335029602051e-01 5.388683080673217773e-01 6.848482880741357803e-03
5.957535505294799805e-01 5.818523168563842773e-01 -2.961367182433605194e-02
6.156131029129028320e-01 8.083480000495910645e-01 2.835195697844028473e-02
6.972960233688354492e-01 6.570054888725280762e-01 8.760264515876770020e-02
5.968925952911376953e-01 7.217592000961303711e-01 -1.428833417594432831e-02
5.987432599067687988e-01 7.260445356369018555e-01 -1.624892093241214752e-02
6.005604267120361328e-01 7.328979969024658203e-01 -1.804318092763423920e-02
6.020030379295349121e-01 7.415113449096679688e-01 -1.603173464536666870e-02
6.053871512413024902e-01 7.548543810844421387e-01 -6.034937687218189240e-03
6.108455657958984375e-01 7.196972370147705078e-01 -4.423256497830152512e-03
6.143088340759277344e-01 7.187628746032714844e-01 -4.426858387887477875e-03
6.177024841308593750e-01 7.164680361747741699e-01 -4.409293644130229950e-03
6.301102042198181152e-01 7.052597999572753906e-01 -1.723146531730890274e-03
6.748881340026855469e-01 6.634687185287475586e-01 2.473721280694007874e-02
5.956276059150695801e-01 5.640386939048767090e-01 -1.891019381582736969e-02
6.017854809761047363e-01 5.298208594322204590e-01 -3.508111112751066685e-04
6.084278821945190430e-01 5.337026715278625488e-01 4.494872409850358963e-03
6.082817316055297852e-01 7.173632979393005371e-01 -3.335586050525307655e-03
6.740010976791381836e-01 7.015848755836486816e-01 4.332735016942024231e-02
5.920981764793395996e-01 5.277984738349914551e-01 -1.520156767219305038e-02
6.119256615638732910e-01 7.693184018135070801e-01 1.359671005047857761e-03
5.879657864570617676e-01 5.728283524513244629e-01 -3.788539767265319824e-02
6.028030514717102051e-01 6.093996763229370117e-01 -2.883055992424488068e-02
5.946117043495178223e-01 7.781758308410644531e-01 -5.513946060091257095e-03
6.370482444763183594e-01 7.406429648399353027e-01 1.276850886642932892e-02
6.241706609725952148e-01 6.545810699462890625e-01 -5.719751585274934769e-03
6.256734728813171387e-01 7.571766972541809082e-01 7.452616002410650253e-03
6.513801217079162598e-01 6.506968736648559570e-01 2.259222092106938362e-04
6.348847746849060059e-01 6.706387400627136230e-01 -3.186397021636366844e-03
6.596562862396240234e-01 6.769514679908752441e-01 1.001157984137535095e-02
5.984511971473693848e-01 7.962229251861572266e-01 -3.667286597192287445e-03
6.087520718574523926e-01 6.193370223045349121e-01 -2.000110968947410583e-02
6.461121439933776855e-01 7.505859136581420898e-01 2.522947452962398529e-02
6.318933963775634766e-01 7.679194211959838867e-01 1.768250018358230591e-02
6.462008953094482422e-01 7.207797169685363770e-01 1.397691760212182999e-02
6.850430965423583984e-01 6.805053353309631348e-01 5.410465598106384277e-02
6.598566174507141113e-01 7.209482192993164062e-01 2.657194063067436218e-02
6.902036070823669434e-01 6.907950043678283691e-01 8.306835591793060303e-02
6.429689526557922363e-01 6.921558380126953125e-01 2.975339302793145180e-03
6.023621559143066406e-01 5.934507846832275391e-01 -2.089436724781990051e-02
6.011306643486022949e-01 6.437723040580749512e-01 -4.539451375603675842e-02
6.074216365814208984e-01 6.482620835304260254e-01 -3.233784809708595276e-02
5.974949002265930176e-01 6.323243379592895508e-01 -5.387498438358306885e-02
6.118372678756713867e-01 5.133732557296752930e-01 -4.179893527179956436e-03
6.308937668800354004e-01 5.037346482276916504e-01 -5.164407193660736084e-03
6.471015214920043945e-01 5.023002028465270996e-01 -3.242003498598933220e-03
6.604115366935729980e-01 5.053893327713012695e-01 2.405293285846710205e-03
6.693425178527832031e-01 5.129164457321166992e-01 1.029508933424949646e-02
6.753357648849487305e-01 5.432903766632080078e-01 2.907960116863250732e-02
7.053333520889282227e-01 5.848741531372070312e-01 8.518967777490615845e-02
6.668106913566589355e-01 5.687128305435180664e-01 1.955169625580310822e-02
6.551453471183776855e-01 5.742656588554382324e-01 1.219671685248613358e-02
6.397227048873901367e-01 5.743721723556518555e-01 6.714830640703439713e-03
6.249461174011230469e-01 5.703035593032836914e-01 3.423150163143873215e-03
6.135727167129516602e-01 5.643495321273803711e-01 2.969551365822553635e-03
6.058326363563537598e-01 5.583583116531372070e-01 1.549134030938148499e-03
7.031171321868896484e-01 5.830259919166564941e-01 1.307371109724044800e-01
6.066794395446777344e-01 6.527130603790283203e-01 -2.635407820343971252e-02
5.957832336425781250e-01 5.977231264114379883e-01 -3.849261626601219177e-02
5.941007733345031738e-01 6.444849967956542969e-01 -5.477361008524894714e-02
5.874339342117309570e-01 6.521605253219604492e-01 -5.001661553978919983e-02
5.935009717941284180e-01 6.468839645385742188e-01 -4.899346083402633667e-02
6.033390760421752930e-01 6.576690673828125000e-01 -2.242975309491157532e-02
5.857751369476318359e-01 6.539390683174133301e-01 -5.310628563165664673e-02
5.841909050941467285e-01 6.570839881896972656e-01 -3.915898129343986511e-02
6.062344312667846680e-01 5.445361733436584473e-01 6.800430826842784882e-03
5.997064113616943359e-01 5.485477447509765625e-01 -3.335917717777192593e-04
5.963149070739746094e-01 5.514615178108215332e-01 -8.032246492803096771e-03
6.614211797714233398e-01 5.364515781402587891e-01 1.557916682213544846e-02
6.671222448348999023e-01 5.292178392410278320e-01 1.635466143488883972e-02
