4.329091906547546387e-01 5.240483283996582031e-01 -3.367732092738151550e-02
4.350954592227935791e-01 4.726701676845550537e-01 -5.914035812020301819e-02
4.330667555332183838e-01 4.892707467079162598e-01 -3.114753589034080505e-02
4.251594543457031250e-01 4.159417748451232910e-01 -4.399739205837249756e-02
4.355146586894989014e-01 4.552372395992279053e-01 -6.275912374258041382e-02
4.352448284626007080e-01 4.322412014007568359e-01 -5.782283097505569458e-02
4.339545071125030518e-01 3.774589896202087402e-01 -2.593922242522239685e-02
3.476592898368835449e-01 3.696735501289367676e-01 1.056366693228483200e-02
4.340059757232666016e-01 3.314185142517089844e-01 -1.731627620756626129e-02
4.345234036445617676e-01 3.078097701072692871e-01 -1.943139731884002686e-02
4.346663355827331543e-01 2.340403050184249878e-01 -6.003854796290397644e-03
4.327532947063446045e-01 5.317060947418212891e-01 -3.240871056914329529e-02
4.323665499687194824e-01 5.372626185417175293e-01 -2.851753123104572296e-02
4.319557249546051025e-01 5.394117236137390137e-01 -2.352004684507846832e-02
4.324207901954650879e-01 5.412524342536926270e-01 -2.398724108934402466e-02
4.325732290744781494e-01 5.473354458808898926e-01 -2.578448317945003510e-02
4.325520992279052734e-01 5.552632212638854980e-01 -2.802362665534019470e-02
4.322160780429840088e-01 5.635153055191040039e-01 -2.637248113751411438e-02
4.309684634208679199e-01 5.784310102462768555e-01 -1.535798609256744385e-02
4.343576729297637939e-01 4.814580976963043213e-01 -5.348896607756614685e-02
4.242687821388244629e-01 4.799002408981323242e-01 -3.894335404038429260e-02
3.025910556316375732e-01 3.052660226821899414e-01 6.322821974754333496e-02
3.811398744583129883e-01 3.875895738601684570e-01 3.429202770348638296e-04
3.694255948066711426e-01 3.882592916488647461e-01 5.483191926032304764e-04
3.583750724792480469e-01 3.866507112979888916e-01 3.196014557033777237e-03
3.435500860214233398e-01 3.758563995361328125e-01 1.196755841374397278e-02
3.911227881908416748e-01 3.834493458271026611e-01 3.072768216952681541e-03
3.677093386650085449e-01 3.413394689559936523e-01 -3.562090452760457993e-03
3.798697888851165771e-01 3.435322642326354980e-01 -2.573440549895167351e-03
3.560205399990081787e-01 3.433161079883575439e-01 -4.692155343946069479e-04
3.477548956871032715e-01 3.491392135620117188e-01 3.498912090435624123e-03
3.339665532112121582e-01 3.869636654853820801e-01 1.729729212820529938e-02
3.884887993335723877e-01 6.042975187301635742e-01 -6.389414891600608826e-03
3.436995446681976318e-01 3.646115660667419434e-01 1.427066884934902191e-02
2.966347634792327881e-01 3.769478499889373779e-01 6.549409031867980957e-02
3.205549418926239014e-01 3.739149272441864014e-01 2.833120897412300110e-02
3.757073283195495605e-01 4.560377597808837891e-01 -1.147227454930543900e-02
4.203482866287231445e-01 5.215081572532653809e-01 -3.315718472003936768e-02
4.218061268329620361e-01 5.368257164955139160e-01 -2.791566401720046997e-02
4.070419371128082275e-01 5.267931222915649414e-01 -2.805029787123203278e-02
3.981750905513763428e-01 5.331585407257080078e-01 -2.181100100278854370e-02
4.122846722602844238e-01 5.380603671073913574e-01 -2.502817101776599884e-02
4.045016169548034668e-01 5.396465659141540527e-01 -1.890438236296176910e-02
3.827103078365325928e-01 5.557616353034973145e-01 -7.207219954580068588e-03
4.259564280509948730e-01 4.720703959465026855e-01 -5.874425917863845825e-02
4.248688519001007080e-01 4.551514685153961182e-01 -6.207408756017684937e-02
3.292892277240753174e-01 3.280630111694335938e-01 7.676850073039531708e-03
3.983363509178161621e-01 4.149474203586578369e-01 -1.039296854287385941e-02
4.002876579761505127e-01 4.674835503101348877e-01 -3.335596248507499695e-02
3.990823626518249512e-01 4.583222568035125732e-01 -3.005179576575756073e-02
3.395528793334960938e-01 4.531288146972656250e-01 5.285175866447389126e-04
4.251134395599365234e-01 4.338952600955963135e-01 -5.515563860535621643e-02
3.576424121856689453e-01 3.088416159152984619e-01 -8.948666974902153015e-03
3.413592576980590820e-01 3.149211406707763672e-01 -1.229330315254628658e-03
3.157084584236145020e-01 2.753563523292541504e-01 4.216154664754867554e-02
4.085693657398223877e-01 3.251825571060180664e-01 -1.566599309444427490e-02
3.903657197952270508e-01 3.501658439636230469e-01 1.231993664987385273e-03
3.742692172527313232e-01 5.414986014366149902e-01 -4.901026375591754913e-03
3.073050379753112793e-01 5.294435024261474609e-01 9.303303062915802002e-02
4.081332087516784668e-01 4.768066108226776123e-01 -2.863188087940216064e-02
4.170345067977905273e-01 4.816576242446899414e-01 -2.844821847975254059e-02
3.882673382759094238e-01 5.418000221252441406e-01 -6.092156283557415009e-03
3.928658664226531982e-01 5.404202938079833984e-01 -8.844311349093914032e-03
3.342490196228027344e-01 3.033732771873474121e-01 3.713107667863368988e-03
3.996539115905761719e-01 4.747017025947570801e-01 -2.720546722412109375e-02
3.794098198413848877e-01 3.106009364128112793e-01 -1.411973871290683746e-02
3.775625526905059814e-01 2.965278625488281250e-01 -1.637738384306430817e-02
3.663815557956695557e-01 2.383977472782135010e-01 2.608102280646562576e-03
3.249286413192749023e-01 2.893376350402832031e-01 1.962556131184101105e-02
3.732471168041229248e-01 2.674181461334228516e-01 -7.912201806902885437e-03
3.214716911315917969e-01 3.204295039176940918e-01 1.706312038004398346e-02
3.118580579757690430e-01 3.140062689781188965e-01 3.821197897195816040e-02
4.209380149841308594e-01 5.305509567260742188e-01 -3.198304772377014160e-02
4.101315438747406006e-01 5.338941216468811035e-01 -2.725909464061260223e-02
4.015274047851562500e-01 5.367918014526367188e-01 -2.135142125189304352e-02
4.108540415763854980e-01 4.796948730945587158e-01 -2.559995837509632111e-02
3.908143639564514160e-01 5.413632392883300781e-01 -7.441242225468158722e-03
3.953047394752502441e-01 5.431286096572875977e-01 -1.407648157328367233e-02
3.935238718986511230e-01 5.394283533096313477e-01 -9.046589955687522888e-03
4.141356647014617920e-01 4.715607166290283203e-01 -4.362275078892707825e-02
4.062236845493316650e-01 5.384758710861206055e-01 -1.695503480732440948e-02
4.139885604381561279e-01 5.384895801544189453e-01 -2.058205381035804749e-02
4.226856529712677002e-01 5.388221740722656250e-01 -2.334291301667690277e-02
4.172264337539672852e-01 5.783268213272094727e-01 -1.593083888292312622e-02
4.196821749210357666e-01 5.624275803565979004e-01 -2.681799232959747314e-02
4.205519556999206543e-01 5.533756613731384277e-01 -2.810564823448657990e-02
4.213328957557678223e-01 5.460007190704345703e-01 -2.565431222319602966e-02
4.220592677593231201e-01 5.408939719200134277e-01 -2.371137589216232300e-02
4.043682813644409180e-01 5.401717424392700195e-01 -1.723423786461353302e-02
4.030294418334960938e-01 5.419058799743652344e-01 -1.924779638648033142e-02
4.010109603404998779e-01 5.458449721336364746e-01 -2.131355367600917816e-02
3.988473713397979736e-01 5.511737465858459473e-01 -1.965554431080818176e-02
3.874377012252807617e-01 5.150232911109924316e-01 -1.797941885888576508e-02
2.939156591892242432e-01 4.489088952541351318e-01 1.107856556773185730e-01
4.336898624897003174e-01 4.845744967460632324e-01 -3.881472721695899963e-02
3.991373479366302490e-01 5.403405427932739258e-01 -1.266778074204921722e-02
3.975527286529541016e-01 5.411309003829956055e-01 -1.395402662456035614e-02
4.204286932945251465e-01 4.888746142387390137e-01 -2.921143546700477600e-02
4.031221866607666016e-01 4.846009910106658936e-01 -1.872025802731513977e-02
4.188287556171417236e-01 4.854282438755035400e-01 -2.891995757818222046e-02
3.860062658786773682e-01 4.245444834232330322e-01 -7.708493154495954514e-03
3.667809367179870605e-01 4.349318742752075195e-01 -5.526328459382057190e-03
3.970274031162261963e-01 4.655740559101104736e-01 -2.385719679296016693e-02
3.359520733356475830e-01 2.524224519729614258e-01 2.049631625413894653e-02
3.442220687866210938e-01 2.727655768394470215e-01 4.582099616527557373e-03
3.532152473926544189e-01 2.950719892978668213e-01 -7.486465852707624435e-03
3.914773464202880859e-01 5.648413300514221191e-01 -1.196770183742046356e-02
4.055578708648681641e-01 3.021607398986816406e-01 -2.012046426534652710e-02
4.024668633937835693e-01 2.692310214042663574e-01 -1.423230674117803574e-02
3.983053565025329590e-01 2.334975600242614746e-01 -6.464757025241851807e-03
3.489294648170471191e-01 3.826976120471954346e-01 7.811974268406629562e-03
3.211129903793334961e-01 3.989560604095458984e-01 2.233082801103591919e-02
3.976609706878662109e-01 3.789650201797485352e-01 5.080178380012512207e-03
3.343360424041748047e-01 3.530929088592529297e-01 1.278578396886587143e-02
4.065866768360137939e-01 4.038270413875579834e-01 -1.350293960422277451e-02
4.070490300655364990e-01 4.612738788127899170e-01 -4.362935945391654968e-02
3.080582618713378906e-01 4.096557796001434326e-01 3.363375365734100342e-02
3.296820223331451416e-01 4.117081761360168457e-01 1.206076145172119141e-02
3.454844057559967041e-01 4.188461601734161377e-01 2.356911310926079750e-03
3.679898977279663086e-01 4.168039560317993164e-01 -7.582266116514801979e-04
3.844609260559082031e-01 4.103744328022003174e-01 -2.089054556563496590e-03
3.968187272548675537e-01 4.025639891624450684e-01 -3.847395768389105797e-03
4.228735268115997314e-01 3.813690841197967529e-01 -2.272291854023933411e-02
3.105938434600830078e-01 4.451436400413513184e-01 2.958282828330993652e-02
3.241346776485443115e-01 3.494020700454711914e-01 1.784164272248744965e-02
4.290559291839599609e-01 4.804269373416900635e-01 -5.328575894236564636e-02
4.005304574966430664e-01 4.316430687904357910e-01 -1.556239742785692215e-02
2.911449074745178223e-01 3.755933046340942383e-01 1.036322191357612610e-01
4.061167538166046143e-01 3.932764828205108643e-01 -4.517317749559879303e-03
3.953063786029815674e-01 4.665339589118957520e-01 -1.296586543321609497e-02
3.401800990104675293e-01 3.657370805740356445e-01 1.623591780662536621e-02
4.062464833259582520e-01 4.501829743385314941e-01 -3.934647887945175171e-02
2.982293367385864258e-01 4.885597229003906250e-01 1.049986779689788818e-01
3.976827859878540039e-01 3.721875250339508057e-01 7.806892972439527512e-03
4.153351485729217529e-01 4.400598406791687012e-01 -4.934007301926612854e-02
3.370349705219268799e-01 5.691732168197631836e-01 3.222149610519409180e-02
3.355900645256042480e-01 5.856087207794189453e-01 5.317828804254531860e-02
2.970864176750183105e-01 4.474186301231384277e-01 6.968761235475540161e-02
3.214064240455627441e-01 5.473157167434692383e-01 4.624712467193603516e-02
3.038020133972167969e-01 3.432828783988952637e-01 5.510972440242767334e-02
3.854248523712158203e-01 6.188145875930786133e-01 -6.418699194910004735e-05
4.296796619892120361e-01 4.837579429149627686e-01 -3.830777108669281006e-02
3.899563848972320557e-01 4.437718689441680908e-01 -1.244663167744874954e-02
3.096469342708587646e-01 3.767439126968383789e-01 3.878178447484970093e-02
3.591521382331848145e-01 3.765192329883575439e-01 4.221288952976465225e-03
3.691370785236358643e-01 3.788985013961791992e-01 2.016253769397735596e-03
3.925840854644775391e-01 5.464696884155273438e-01 -1.244894508272409439e-02
3.133739233016967773e-01 4.779774248600006104e-01 3.236107900738716125e-02
4.051085114479064941e-01 6.386472582817077637e-01 4.662656690925359726e-03
3.704222440719604492e-01 6.190170645713806152e-01 2.473206631839275360e-02
3.545038700103759766e-01 6.058135628700256348e-01 3.687383234500885010e-02
4.347110986709594727e-01 2.722648382186889648e-01 -1.410397421568632126e-02
4.279734492301940918e-01 6.414224505424499512e-01 3.099924651905894279e-03
3.790768682956695557e-01 3.785144984722137451e-01 2.428212203085422516e-03
3.884452581405639648e-01 3.760868012905120850e-01 4.652359522879123688e-03
3.945980370044708252e-01 3.742392957210540771e-01 7.546478416770696640e-03
3.148112893104553223e-01 3.457465171813964844e-01 2.900524623692035675e-02
3.879244923591613770e-01 3.589829802513122559e-01 2.872606040909886360e-03
3.780030310153961182e-01 3.531979024410247803e-01 8.116890676319599152e-04
3.678332567214965820e-01 3.513825833797454834e-01 5.039846291765570641e-04
3.573813736438751221e-01 3.535821139812469482e-01 2.758268499746918678e-03
3.507499694824218750e-01 3.580400645732879639e-01 5.883696489036083221e-03
2.948183417320251465e-01 3.367897868156433105e-01 8.613517880439758301e-02
3.523891568183898926e-01 3.731563985347747803e-01 7.640840020030736923e-03
4.329176545143127441e-01 4.998060166835784912e-01 -2.916893362998962402e-02
3.977294862270355225e-01 5.064448714256286621e-01 -2.167741581797599792e-02
4.080851078033447266e-01 4.742835164070129395e-01 -3.246000409126281738e-02
4.188447594642639160e-01 5.012609958648681641e-01 -2.954873628914356232e-02
4.335799813270568848e-01 3.546479046344757080e-01 -1.748940162360668182e-02
3.532733917236328125e-01 5.893418788909912109e-01 2.177548781037330627e-02
3.687429726123809814e-01 6.042401790618896484e-01 1.146215759217739105e-02
4.054186046123504639e-01 6.295978426933288574e-01 -9.374155662953853607e-03
3.202756643295288086e-01 5.620245933532714844e-01 7.431253790855407715e-02
3.948411345481872559e-01 3.669295907020568848e-01 5.847008898854255676e-03
4.155413806438446045e-01 4.083230495452880859e-01 -2.807862497866153717e-02
4.293175637722015381e-01 6.316748857498168945e-01 -1.055917609483003616e-02
3.869347870349884033e-01 6.304285526275634766e-01 1.216731313616037369e-02
3.012531995773315430e-01 4.836209416389465332e-01 6.735204160213470459e-02
4.125530421733856201e-01 5.401583909988403320e-01 -2.094156295061111450e-02
4.111667871475219727e-01 5.436930060386657715e-01 -2.323268353939056396e-02
4.097661972045898438e-01 5.495812296867370605e-01 -2.551133930683135986e-02
4.083402454853057861e-01 5.576531887054443359e-01 -2.425748482346534729e-02
4.031352698802947998e-01 5.727162361145019531e-01 -1.573789119720458984e-02
3.975896835327148438e-01 5.403983592987060547e-01 -1.351958699524402618e-02
3.946232795715332031e-01 5.396413803100585938e-01 -1.389100402593612671e-02
3.914055526256561279e-01 5.375635623931884766e-01 -1.421217061579227448e-02
3.788666129112243652e-01 5.273115038871765137e-01 -1.208176650106906891e-02
3.304060101509094238e-01 4.876703321933746338e-01 1.059883646667003632e-02
4.148635864257812500e-01 3.914375305175781250e-01 -1.724223420023918152e-02
4.075359106063842773e-01 3.589563667774200439e-01 1.224844832904636860e-03
4.000800549983978271e-01 3.626555204391479492e-01 4.616691730916500092e-03
3.994594216346740723e-01 5.382654666900634766e-01 -1.229296252131462097e-02
3.286219835281372070e-01 5.257396697998046875e-01 2.570198848843574524e-02
4.184138476848602295e-01 3.569853603839874268e-01 -1.156955864280462265e-02
3.950411379337310791e-01 5.888793468475341797e-01 -1.019730418920516968e-02
4.348316192626953125e-01 4.136012494564056396e-01 -4.682248085737228394e-02
4.238064885139465332e-01 3.996064364910125732e-01 -3.436706215143203735e-02
4.343935549259185791e-01 3.962545096874237061e-01 -3.609385713934898376e-02
4.082823693752288818e-01 4.351821839809417725e-01 -2.908525802195072174e-02
4.301955997943878174e-01 6.165193915367126465e-01 -1.649720594286918640e-02
4.306549131870269775e-01 5.966582298278808594e-01 -1.580595225095748901e-02
4.124958813190460205e-01 5.963525772094726562e-01 -1.495958585292100906e-02
3.696240186691284180e-01 5.621199607849121094e-01 -9.963138727471232414e-04
3.851779997348785400e-01 4.788551628589630127e-01 -1.132129319012165070e-02
3.811720013618469238e-01 5.778262615203857422e-01 -5.460467655211687088e-03
3.571857213973999023e-01 4.744211137294769287e-01 -8.840426802635192871e-03
3.740635812282562256e-01 4.940767288208007812e-01 -1.135717611759901047e-02
3.471812903881072998e-01 5.002816915512084961e-01 -2.058432437479496002e-03
4.078924357891082764e-01 6.152132153511047363e-01 -1.505544967949390411e-02
4.015300869941711426e-01 4.449332952499389648e-01 -2.202996984124183655e-02
3.583704233169555664e-01 5.729942917823791504e-01 9.114126674830913544e-03
3.733155429363250732e-01 5.895915627479553223e-01 2.711141249164938927e-03
3.607051968574523926e-01 5.430200099945068359e-01 7.999059744179248810e-05
3.167106509208679199e-01 5.054920315742492676e-01 3.579931706190109253e-02
3.445433974266052246e-01 5.440227389335632324e-01 1.066737715154886246e-02
3.081467747688293457e-01 5.168559551239013672e-01 6.169358640909194946e-02
3.650614619255065918e-01 5.149728655815124512e-01 -7.775144185870885849e-03
4.082147181034088135e-01 4.197575151920318604e-01 -2.139608748257160187e-02
4.107093214988708496e-01 4.688387215137481689e-01 -4.590729251503944397e-02
4.036781489849090576e-01 4.730067253112792969e-01 -3.417220339179039001e-02
4.153355062007904053e-01 4.574170708656311035e-01 -5.314965173602104187e-02
3.983407318592071533e-01 3.427135944366455078e-01 -2.996181137859821320e-03
3.801069855690002441e-01 3.323233127593994141e-01 -5.535798147320747375e-03
3.641174733638763428e-01 3.298697769641876221e-01 -5.557259544730186462e-03
3.503930568695068359e-01 3.321921825408935547e-01 -2.005483023822307587e-03
3.403075635433197021e-01 3.394429683685302734e-01 4.187740385532379150e-03
3.316744267940521240e-01 3.697515130043029785e-01 2.067753486335277557e-02
2.950202822685241699e-01 4.119240343570709229e-01 6.785440444946289062e-02
3.406041860580444336e-01 3.947266638278961182e-01 1.141147408634424210e-02
3.527891635894775391e-01 4.005571007728576660e-01 5.365258548408746719e-03
3.682541847229003906e-01 4.012534618377685547e-01 1.666684634983539581e-03
3.829091191291809082e-01 3.979994058609008789e-01 1.253035734407603741e-04
3.945161402225494385e-01 3.924804925918579102e-01 1.397821120917797089e-03
4.025746583938598633e-01 3.867680430412292480e-01 1.144296140410006046e-03
2.920357584953308105e-01 4.119450151920318604e-01 1.110596135258674622e-01
4.037924706935882568e-01 4.772783219814300537e-01 -2.863962203264236450e-02
4.162079989910125732e-01 4.237183928489685059e-01 -3.714163973927497864e-02
4.183428287506103516e-01 4.695626497268676758e-01 -5.394199863076210022e-02
4.238666892051696777e-01 4.774938523769378662e-01 -4.902198165655136108e-02
4.182410240173339844e-01 4.722153842449188232e-01 -4.856051132082939148e-02
4.067505002021789551e-01 4.821372330188751221e-01 -2.454216033220291138e-02
4.257685244083404541e-01 4.791691303253173828e-01 -5.181881412863731384e-02
4.264407455921173096e-01 4.825025200843811035e-01 -3.864490613341331482e-02
4.019630253314971924e-01 3.734444081783294678e-01 6.810985505580902100e-03
4.090646803379058838e-01 3.772048056125640869e-01 6.734052440151572227e-04
4.132139980792999268e-01 3.797298371791839600e-01 -6.375104188919067383e-03
3.468482494354248047e-01 3.615113496780395508e-01 9.567487053573131561e-03
3.413386940956115723e-01 3.554986715316772461e-01 9.692951105535030365e-03
4.439145922660827637e-01 4.165810346603393555e-01 -4.214110225439071655e-02
5.111327767372131348e-01 3.768081963062286377e-01 2.425001189112663269e-02
4.424999952316284180e-01 4.804971516132354736e-01 -3.744556009769439697e-02
5.470856428146362305e-01 3.162591159343719482e-01 8.427947014570236206e-02
4.793051183223724365e-01 3.919226527214050293e-01 9.055233560502529144e-03
4.906342029571533203e-01 3.934331238269805908e-01 1.106469612568616867e-02
5.009396076202392578e-01 3.924057185649871826e-01 1.531543023884296417e-02
5.139392018318176270e-01 3.829516768455505371e-01 2.651023119688034058e-02
4.698612987995147705e-01 3.870469331741333008e-01 9.908013977110385895e-03
4.942508041858673096e-01 3.477310240268707275e-01 7.400065660476684570e-03
4.822816848754882812e-01 3.486835956573486328e-01 6.005803588777780533e-03
5.050759911537170410e-01 3.507617115974426270e-01 1.229800283908843994e-02
5.122248530387878418e-01 3.570638298988342285e-01 1.727190427482128143e-02
5.220177173614501953e-01 3.941105604171752930e-01 3.278958052396774292e-02
4.689505994319915771e-01 6.048619151115417480e-01 -1.597056252649053931e-04
5.145364403724670410e-01 3.722210228443145752e-01 2.857496961951255798e-02
5.502214431762695312e-01 3.863289952278137207e-01 8.704400062561035156e-02
5.334751605987548828e-01 3.820541203022003174e-01 4.591562226414680481e-02
4.851465225219726562e-01 4.591912925243377686e-01 -2.961727557703852654e-03
4.450664520263671875e-01 5.220155119895935059e-01 -3.094021603465080261e-02
4.425064027309417725e-01 5.371505022048950195e-01 -2.606902644038200378e-02
4.569070637226104736e-01 5.276311635971069336e-01 -2.362214773893356323e-02
4.642711281776428223e-01 5.342319011688232422e-01 -1.577002555131912231e-02
4.509015977382659912e-01 5.386717319488525391e-01 -2.128306590020656586e-02
4.575573205947875977e-01 5.404624938964843750e-01 -1.394817791879177094e-02
4.764561355113983154e-01 5.572217702865600586e-01 5.081446724943816662e-04
4.437479972839355469e-01 4.725777506828308105e-01 -5.743713304400444031e-02
4.456700086593627930e-01 4.557866752147674561e-01 -6.066607683897018433e-02
5.295796394348144531e-01 3.374102115631103516e-01 2.410757914185523987e-02
4.642396867275238037e-01 4.172869026660919189e-01 -4.609235096722841263e-03
4.645481705665588379e-01 4.692957699298858643e-01 -2.779348380863666534e-02
4.651719331741333008e-01 4.601607024669647217e-01 -2.435741573572158813e-02
5.173743963241577148e-01 4.582241177558898926e-01 1.482879929244518280e-02
4.449268579483032227e-01 4.345371425151824951e-01 -5.332608148455619812e-02
5.065895915031433105e-01 3.168557286262512207e-01 2.313092816621065140e-03
5.204432010650634766e-01 3.239701092243194580e-01 1.288182102143764496e-02
5.390394330024719238e-01 2.861220240592956543e-01 6.107149645686149597e-02
4.585370421409606934e-01 3.277962803840637207e-01 -1.199868787080049515e-02
4.717895090579986572e-01 3.542058467864990234e-01 8.294424973428249359e-03
4.846673607826232910e-01 5.435647964477539062e-01 4.569492768496274948e-03
5.305516719818115234e-01 5.343635082244873047e-01 1.128585636615753174e-01
4.564955234527587891e-01 4.782410264015197754e-01 -2.456788718700408936e-02
4.481537640094757080e-01 4.826491773128509521e-01 -2.638304606080055237e-02
4.720494747161865234e-01 5.432803034782409668e-01 2.096690703183412552e-03
4.673970043659210205e-01 5.416183471679687500e-01 -1.915022847242653370e-03
5.266708731651306152e-01 3.132552802562713623e-01 1.887635327875614166e-02
4.639757871627807617e-01 4.764727652072906494e-01 -2.186068706214427948e-02
4.867703914642333984e-01 3.163323402404785156e-01 -6.402738392353057861e-03
4.893487989902496338e-01 3.026436567306518555e-01 -8.332940749824047089e-03
4.983723759651184082e-01 2.454053312540054321e-01 1.338333450257778168e-02
5.332463383674621582e-01 2.994279265403747559e-01 3.648770228028297424e-02
4.930997490882873535e-01 2.738310992717742920e-01 1.478380989283323288e-03
5.359015464782714844e-01 3.304184079170227051e-01 3.470702841877937317e-02
5.418966412544250488e-01 3.243876695632934570e-01 5.739688500761985779e-02
4.440756142139434814e-01 5.310636758804321289e-01 -2.982071042060852051e-02
4.536433219909667969e-01 5.346415638923645020e-01 -2.317017503082752228e-02
4.610062241554260254e-01 5.376849770545959473e-01 -1.594165898859500885e-02
4.535834193229675293e-01 4.809036850929260254e-01 -2.232793159782886505e-02
4.695200920104980469e-01 5.426137447357177734e-01 -7.831914263078942895e-05
4.660190641880035400e-01 5.442088246345520020e-01 -7.991760969161987305e-03
4.664102494716644287e-01 5.406558513641357422e-01 -2.262179041281342506e-03
4.527519345283508301e-01 4.728265404701232910e-01 -3.985766321420669556e-02
4.552029371261596680e-01 5.392321944236755371e-01 -1.239645667374134064e-02
4.484093189239501953e-01 5.391021370887756348e-01 -1.718912646174430847e-02
4.406683146953582764e-01 5.391647815704345703e-01 -2.145860157907009125e-02
4.442401826381683350e-01 5.786232352256774902e-01 -1.414575055241584778e-02
4.443076252937316895e-01 5.628464818000793457e-01 -2.489526569843292236e-02
4.441437125205993652e-01 5.538322329521179199e-01 -2.610896714031696320e-02
4.434084892272949219e-01 5.464094877243041992e-01 -2.363352850079536438e-02
4.424199461936950684e-01 5.413213372230529785e-01 -2.176014333963394165e-02
4.578268229961395264e-01 5.410379767417907715e-01 -1.258675754070281982e-02
4.593053460121154785e-01 5.427881479263305664e-01 -1.462693233042955399e-02
4.613053500652313232e-01 5.467442870140075684e-01 -1.655926369130611420e-02
4.630996286869049072e-01 5.521230697631835938e-01 -1.435462012887001038e-02
4.743414223194122314e-01 5.168163776397705078e-01 -1.088381372392177582e-02
5.440526604652404785e-01 4.563640952110290527e-01 1.328537464141845703e-01
4.618826806545257568e-01 5.413713455200195312e-01 -6.767665501683950424e-03
4.638400971889495850e-01 5.422412157058715820e-01 -8.079390041530132294e-03
4.449197947978973389e-01 4.895054996013641357e-01 -2.728293649852275848e-02
4.598269462585449219e-01 4.859690070152282715e-01 -1.455458998680114746e-02
4.464028775691986084e-01 4.862395524978637695e-01 -2.699032612144947052e-02
4.753497540950775146e-01 4.275618791580200195e-01 -6.065122215659357607e-05
4.933307170867919922e-01 4.389134049415588379e-01 4.716492258012294769e-03
4.662175476551055908e-01 4.674160182476043701e-01 -1.812823116779327393e-02
5.239119529724121094e-01 2.618755400180816650e-01 3.577702865004539490e-02
5.181211829185485840e-01 2.818138599395751953e-01 1.811740547418594360e-02
5.109882354736328125e-01 3.035975098609924316e-01 4.479013383388519287e-03
4.684046804904937744e-01 5.658147931098937988e-01 -5.805555265396833420e-03
4.628812968730926514e-01 3.053901195526123047e-01 -1.600085012614727020e-02
4.659942388534545898e-01 2.726469337940216064e-01 -9.260290302336215973e-03
4.695353806018829346e-01 2.372004091739654541e-01 -9.601854253560304642e-04
5.093181133270263672e-01 3.892545104026794434e-01 2.126282639801502228e-02
5.329505205154418945e-01 4.063507020473480225e-01 3.976573422551155090e-02
4.637202024459838867e-01 3.820575177669525146e-01 1.124006137251853943e-02
5.233363509178161621e-01 3.615201711654663086e-01 2.866410650312900543e-02
4.573226571083068848e-01 4.057529270648956299e-01 -8.887271396815776825e-03
4.597041010856628418e-01 4.629604220390319824e-01 -3.915600106120109558e-02
5.429080724716186523e-01 4.174079895019531250e-01 5.338233336806297302e-02
5.260301232337951660e-01 4.183007478713989258e-01 2.833303809165954590e-02
5.124717354774475098e-01 4.243122637271881104e-01 1.602847501635551453e-02
4.918709993362426758e-01 4.210648238658905029e-01 9.588161483407020569e-03
4.764711260795593262e-01 4.137242436408996582e-01 5.825424101203680038e-03
4.650864303112030029e-01 4.052026271820068359e-01 2.023195847868919373e-03
4.442520141601562500e-01 3.822209239006042480e-01 -2.085676603019237518e-02
5.401231646537780762e-01 4.519679546356201172e-01 4.907634109258651733e-02
5.321950912475585938e-01 3.582039773464202881e-01 3.535472229123115540e-02
4.395011067390441895e-01 4.808148443698883057e-01 -5.227760225534439087e-02
4.625131785869598389e-01 4.336937665939331055e-01 -1.007577404379844666e-02
5.503231287002563477e-01 3.852860331535339355e-01 1.262826174497604370e-01
4.569121003150939941e-01 3.954328596591949463e-01 4.832310150959528983e-05
4.666531383991241455e-01 4.684083163738250732e-01 -7.277171127498149872e-03
5.172523260116577148e-01 3.735491633415222168e-01 3.133720904588699341e-02
4.598062932491302490e-01 4.518770873546600342e-01 -3.483307734131813049e-02
5.389549136161804199e-01 4.949223697185516357e-01 1.262842565774917603e-01
4.634554088115692139e-01 3.753193616867065430e-01 1.426210720092058182e-02
4.530645012855529785e-01 4.412387013435363770e-01 -4.602826014161109924e-02
5.114806890487670898e-01 5.718048810958862305e-01 4.665013030171394348e-02
5.084872245788574219e-01 5.879346728324890137e-01 6.806377321481704712e-02
5.471126437187194824e-01 4.547266364097595215e-01 9.123132377862930298e-02
5.241389870643615723e-01 5.512140989303588867e-01 6.345311552286148071e-02
5.463297367095947266e-01 3.531961739063262939e-01 7.570248842239379883e-02
4.702475666999816895e-01 6.192498207092285156e-01 6.932175252586603165e-03
4.376071393489837646e-01 4.840074777603149414e-01 -3.774667158722877502e-02
4.717142879962921143e-01 4.462421238422393799e-01 -5.636816378682851791e-03
5.418761968612670898e-01 3.853060305118560791e-01 5.816264450550079346e-02
5.008533000946044922e-01 3.827480077743530273e-01 1.616769284009933472e-02
4.913211166858673096e-01 3.844471275806427002e-01 1.257133949548006058e-02
4.683851301670074463e-01 5.476915240287780762e-01 -5.779398605227470398e-03
5.360252857208251953e-01 4.838140606880187988e-01 5.108891800045967102e-02
4.499990344047546387e-01 6.388018131256103516e-01 8.373257704079151154e-03
4.801804721355438232e-01 6.196782588958740234e-01 3.438330069184303284e-02
4.932227730751037598e-01 6.070479154586791992e-01 4.909073561429977417e-02
4.815790355205535889e-01 3.833253383636474609e-01 1.141567900776863098e-02
4.724892377853393555e-01 3.800044953823089600e-01 1.240916550159454346e-02
4.665197432041168213e-01 3.776522874832153320e-01 1.446527615189552307e-02
5.393912792205810547e-01 3.550130128860473633e-01 4.777320101857185364e-02
4.733303189277648926e-01 3.630442619323730469e-01 1.066988799721002579e-02
4.830635190010070801e-01 3.582248687744140625e-01 9.907374158501625061e-03
4.930545687675476074e-01 3.573411107063293457e-01 1.134783774614334106e-02
5.029303431510925293e-01 3.603638410568237305e-01 1.487539708614349365e-02
5.088179707527160645e-01 3.651804924011230469e-01 1.898790523409843445e-02
5.506826639175415039e-01 3.474052250385284424e-01 1.082111969590187073e-01
5.070715546607971191e-01 3.798508048057556152e-01 2.059809863567352295e-02
4.650818109512329102e-01 5.078303217887878418e-01 -1.619816571474075317e-02
4.571883976459503174e-01 4.757597148418426514e-01 -2.849257178604602814e-02
4.464319050312042236e-01 5.019189715385437012e-01 -2.727548591792583466e-02
4.975809156894683838e-01 5.910562276840209961e-01 3.351131826639175415e-02
4.842549562454223633e-01 6.051388382911682129e-01 2.071391791105270386e-02
4.521917104721069336e-01 6.298084855079650879e-01 -5.841868929564952850e-03
5.200760960578918457e-01 5.655556917190551758e-01 9.185095131397247314e-02
4.665188193321228027e-01 3.702428042888641357e-01 1.286064926534891129e-02
4.510565102100372314e-01 4.096521437168121338e-01 -2.495667524635791779e-02
4.664639532566070557e-01 6.307162046432495117e-01 1.912965439260005951e-02
5.418399572372436523e-01 4.897848665714263916e-01 8.791708201169967651e-02
4.509862363338470459e-01 5.408389568328857422e-01 -1.754141226410865784e-02
4.525434374809265137e-01 5.443762540817260742e-01 -1.965868659317493439e-02
4.539026916027069092e-01 5.502326488494873047e-01 -2.183770947158336639e-02
4.549074769020080566e-01 5.582649111747741699e-01 -2.030460722744464874e-02
4.576289951801300049e-01 5.733205676078796387e-01 -1.142569910734891891e-02
4.633817672729492188e-01 5.415166616439819336e-01 -7.385510951280593872e-03
4.665436744689941406e-01 5.408725142478942871e-01 -7.141972426325082779e-03
4.696646034717559814e-01 5.389157533645629883e-01 -6.830641999840736389e-03
4.815469980239868164e-01 5.293517708778381348e-01 -3.307430539280176163e-03
5.231320261955261230e-01 4.925026595592498779e-01 2.596853487193584442e-02
4.506732523441314697e-01 3.928532898426055908e-01 -1.405402179807424545e-02
4.558792710304260254e-01 3.613506853580474854e-01 5.373239051550626755e-03
4.619930982589721680e-01 3.656487762928009033e-01 1.050398126244544983e-02
4.610939025878906250e-01 5.392849445343017578e-01 -6.458000745624303818e-03
5.216683745384216309e-01 5.298544168472290039e-01 4.158382862806320190e-02
4.473624825477600098e-01 3.584182262420654297e-01 -9.261027909815311432e-03
4.637762010097503662e-01 5.895125865936279297e-01 -4.966705106198787689e-03
4.443362653255462646e-01 4.003936350345611572e-01 -3.272709995508193970e-02
4.570435285568237305e-01 4.367664456367492676e-01 -2.497590892016887665e-02
4.479337930679321289e-01 5.966601371765136719e-01 -1.250678300857543945e-02
4.871981143951416016e-01 5.638853311538696289e-01 8.144757710397243500e-03
4.758785963058471680e-01 4.811554849147796631e-01 -4.396111238747835159e-03
4.763796329498291016e-01 5.789704322814941406e-01 1.660518231801688671e-03
5.018690824508666992e-01 4.782455265522003174e-01 2.030179835855960846e-03
4.862947762012481689e-01 4.967928826808929443e-01 -2.714264439418911934e-03
5.094389319419860840e-01 5.042004585266113281e-01 1.034592185169458389e-02
4.514882266521453857e-01 6.155709028244018555e-01 -1.164976321160793304e-02
4.618928432464599609e-01 4.468210041522979736e-01 -1.682070083916187286e-02
4.956698119640350342e-01 5.748807787895202637e-01 1.989024318754673004e-02
4.823252260684967041e-01 5.906647443771362305e-01 1.098178233951330185e-02
4.961501061916351318e-01 5.454552173614501953e-01 1.094840932637453079e-02
5.315579771995544434e-01 5.106248259544372559e-01 5.362737551331520081e-02
5.087732672691345215e-01 5.470701456069946289e-01 2.368312515318393707e-02
5.351945757865905762e-01 5.219488739967346191e-01 8.116307854652404785e-02
4.938634634017944336e-01 5.178046226501464844e-01 2.292664488777518272e-03
4.565625488758087158e-01 4.214843511581420898e-01 -1.686473935842514038e-02
4.562755227088928223e-01 4.703151583671569824e-01 -4.186772182583808899e-02
4.613919556140899658e-01 4.746631085872650146e-01 -2.960647456347942352e-02
4.534575045108795166e-01 4.586096405982971191e-01 -4.990142583847045898e-02
4.656077325344085693e-01 3.461052775382995605e-01 2.571695251390337944e-03
4.837415814399719238e-01 3.376557826995849609e-01 2.698350930586457253e-03
4.990309178829193115e-01 3.369069099426269531e-01 5.274648778140544891e-03
5.114231705665588379e-01 3.402802348136901855e-01 1.127234194427728653e-02
5.195584893226623535e-01 3.479894101619720459e-01 1.908759213984012604e-02
5.242812633514404297e-01 3.776138424873352051e-01 3.673197701573371887e-02
5.503389239311218262e-01 4.203874766826629639e-01 8.995863795280456543e-02
5.164552330970764160e-01 4.012637138366699219e-01 2.591610513627529144e-02
5.057800412178039551e-01 4.060575962066650391e-01 1.799672096967697144e-02
4.915141463279724121e-01 4.059748947620391846e-01 1.196446269750595093e-02
4.775774478912353516e-01 4.017778038978576660e-01 8.263596333563327789e-03
4.667553305625915527e-01 3.955615162849426270e-01 7.555622607469558716e-03
4.594582915306091309e-01 3.892620503902435303e-01 6.177961826324462891e-03
5.471183061599731445e-01 4.205827414989471436e-01 1.335125267505645752e-01
4.603593349456787109e-01 4.788835048675537109e-01 -2.410872653126716614e-02
4.513795971870422363e-01 4.248249530792236328e-01 -3.397532552480697632e-02
4.503659009933471680e-01 4.706553220748901367e-01 -5.132485553622245789e-02
4.438297152519226074e-01 4.781821072101593018e-01 -4.752193018794059753e-02
4.494813680648803711e-01 4.732415080070495605e-01 -4.591216146945953369e-02
4.570610821247100830e-01 4.834838807582855225e-01 -2.082239091396331787e-02
4.424737989902496338e-01 4.797726869583129883e-01 -5.059768632054328918e-02
4.405673444271087646e-01 4.829647839069366455e-01 -3.759318217635154724e-02
4.597994387149810791e-01 3.763108849525451660e-01 1.208730507642030716e-02
4.537271857261657715e-01 3.793760538101196289e-01 4.618305712938308716e-03
4.508588016033172607e-01 3.814661800861358643e-01 -3.140507964417338371e-03
5.120915174484252930e-01 3.689331412315368652e-01 2.333603240549564362e-02
5.171588063240051270e-01 3.635292947292327881e-01 2.433669939637184143e-02
