3.154506683349609375e-01 6.128596663475036621e-01 -1.861538365483283997e-02
3.060875833034515381e-01 5.743812322616577148e-01 -4.231425747275352478e-02
3.163304626941680908e-01 5.875306129455566406e-01 -2.108301036059856415e-02
3.093527853488922119e-01 5.320488810539245605e-01 -2.941641211509704590e-02
3.060739636421203613e-01 5.615379214286804199e-01 -4.565063118934631348e-02
3.103497028350830078e-01 5.448660254478454590e-01 -4.313584417104721069e-02
3.246258795261383057e-01 5.024138689041137695e-01 -2.407658286392688751e-02
2.819675803184509277e-01 4.927213788032531738e-01 3.956058993935585022e-02
3.293560445308685303e-01 4.640889763832092285e-01 -1.944244652986526489e-02
3.294248580932617188e-01 4.449402987957000732e-01 -2.196246013045310974e-02
3.388217687606811523e-01 3.783374428749084473e-01 -1.838292926549911499e-02
3.158798515796661377e-01 6.182600855827331543e-01 -1.705814711749553680e-02
3.170418143272399902e-01 6.222535371780395508e-01 -1.435814425349235535e-02
3.189348280429840088e-01 6.237033605575561523e-01 -1.069067791104316711e-02
3.184012770652770996e-01 6.244583129882812500e-01 -8.931024931371212006e-03
3.172806203365325928e-01 6.282909512519836426e-01 -1.010818779468536377e-02
3.166491687297821045e-01 6.337432861328125000e-01 -1.178181264549493790e-02
3.169316053390502930e-01 6.402328610420227051e-01 -1.106008049100637436e-02
3.199508786201477051e-01 6.529043912887573242e-01 -4.537372384220361710e-03
3.088662922382354736e-01 5.813415646553039551e-01 -3.784853965044021606e-02
3.068835735321044922e-01 5.797943472862243652e-01 -2.356292866170406342e-02
2.778405249118804932e-01 4.375359714031219482e-01 9.282983094453811646e-02
3.034878969192504883e-01 5.074832439422607422e-01 1.934492960572242737e-02
2.953014075756072998e-01 5.077091455459594727e-01 2.451632544398307800e-02
2.881442010402679443e-01 5.057389736175537109e-01 3.092332743108272552e-02
2.814019024372100830e-01 4.961715638637542725e-01 4.309419170022010803e-02
3.097974061965942383e-01 5.047890543937683105e-01 1.613654568791389465e-02
2.913532853126525879e-01 4.677356183528900146e-01 2.084439061582088470e-02
3.005317151546478271e-01 4.705626964569091797e-01 1.522763445973396301e-02
2.837317883968353271e-01 4.688248634338378906e-01 2.821751683950424194e-02
2.796721458435058594e-01 4.738475084304809570e-01 3.416635841131210327e-02
2.769081890583038330e-01 5.034240484237670898e-01 5.051386356353759766e-02
2.973904609680175781e-01 6.684229373931884766e-01 2.176694385707378387e-02
2.805393338203430176e-01 4.884135127067565918e-01 4.382197558879852295e-02
2.749449014663696289e-01 4.927577078342437744e-01 1.005681380629539490e-01
2.743485569953918457e-01 4.921667575836181641e-01 6.293084472417831421e-02
2.877206802368164062e-01 5.568059086799621582e-01 1.500325091183185577e-02
3.066986501216888428e-01 6.102460026741027832e-01 -1.260466501116752625e-02
3.096287250518798828e-01 6.211346983909606934e-01 -8.507629856467247009e-03
2.997134923934936523e-01 6.114926338195800781e-01 -2.212237799540162086e-03
2.965012788772583008e-01 6.137666106224060059e-01 7.894068025052547455e-03
3.048866391181945801e-01 6.203017234802246094e-01 -8.111671777442097664e-04
3.016039729118347168e-01 6.199452877044677734e-01 7.888191379606723785e-03
2.927490770816802979e-01 6.276450157165527344e-01 2.597006782889366150e-02
3.006230592727661133e-01 5.735317468643188477e-01 -3.873950242996215820e-02
2.997247576713562012e-01 5.610019564628601074e-01 -4.130326956510543823e-02
2.710398733615875244e-01 4.575828909873962402e-01 4.307561367750167847e-02
3.062300682067871094e-01 5.272945761680603027e-01 5.202037747949361801e-03
2.942100763320922852e-01 5.666537284851074219e-01 -9.664665907621383667e-03
2.960095703601837158e-01 5.596092939376831055e-01 -7.267542649060487747e-03
2.689211368560791016e-01 5.520022511482238770e-01 3.985412046313285828e-02
3.040403723716735840e-01 5.455383062362670898e-01 -3.628293052315711975e-02
2.808653712272644043e-01 4.440433382987976074e-01 1.696529611945152283e-02
2.737665176391601562e-01 4.476687908172607422e-01 3.076170943677425385e-02
2.783884704113006592e-01 4.146696925163269043e-01 7.045383751392364502e-02
3.114517331123352051e-01 4.599034786224365234e-01 -8.387953974306583405e-03
3.084921538829803467e-01 4.769579768180847168e-01 1.365571469068527222e-02
2.871887087821960449e-01 6.171517372131347656e-01 3.168014436960220337e-02
2.885934710502624512e-01 6.076111197471618652e-01 1.247305721044540405e-01
2.997905313968658447e-01 5.744616389274597168e-01 -9.713373146951198578e-03
3.057340383529663086e-01 5.800467729568481445e-01 -1.437656767666339874e-02
2.943513393402099609e-01 6.175546050071716309e-01 2.764992974698543549e-02
2.981491386890411377e-01 6.181502938270568848e-01 2.285982854664325714e-02
2.720003426074981689e-01 4.382683038711547852e-01 3.619977831840515137e-02
2.963032722473144531e-01 5.717157721519470215e-01 -5.208177957683801651e-03
2.925895750522613525e-01 4.471798837184906006e-01 3.264144994318485260e-03
2.912855744361877441e-01 4.356028139591217041e-01 1.582857221364974976e-03
2.962421774864196777e-01 3.852436542510986328e-01 1.811177842319011688e-02
2.745481729507446289e-01 4.266738891601562500e-01 5.064240097999572754e-02
2.936818599700927734e-01 4.102291464805603027e-01 8.837168104946613312e-03
2.700442671775817871e-01 4.510797262191772461e-01 5.236150324344635010e-02
2.730671167373657227e-01 4.454597830772399902e-01 7.074315100908279419e-02
3.075845837593078613e-01 6.167347431182861328e-01 -1.129490509629249573e-02
3.020321130752563477e-01 6.167715191841125488e-01 -1.876725815236568451e-03
2.986187338829040527e-01 6.169910430908203125e-01 7.159968838095664978e-03
3.022495806217193604e-01 5.770468115806579590e-01 -9.302699938416481018e-03
2.960826754570007324e-01 6.179970502853393555e-01 2.489623054862022400e-02
2.979839146137237549e-01 6.202205419540405273e-01 1.691558957099914551e-02
2.995658814907073975e-01 6.180588603019714355e-01 2.206765301525592804e-02
2.987771034240722656e-01 5.717020034790039062e-01 -2.154149487614631653e-02
3.046801686286926270e-01 6.194549202919006348e-01 8.551975712180137634e-03
3.080224394798278809e-01 6.207829713821411133e-01 1.761649153195321560e-03
3.124772012233734131e-01 6.223957538604736328e-01 -4.901326727122068405e-03
3.109920322895050049e-01 6.504965424537658691e-01 8.524174336344003677e-04
3.088490664958953857e-01 6.377719640731811523e-01 -5.458318162709474564e-03
3.088549375534057617e-01 6.313297152519226074e-01 -5.900522693991661072e-03
3.100121021270751953e-01 6.263955235481262207e-01 -4.129623528569936752e-03
3.116892576217651367e-01 6.233006119728088379e-01 -3.253292525187134743e-03
3.036036491394042969e-01 6.203934550285339355e-01 9.475353173911571503e-03
3.020607829093933105e-01 6.212155222892761230e-01 8.366400375962257385e-03
3.001655042171478271e-01 6.232631802558898926e-01 7.303642109036445618e-03
2.987737953662872314e-01 6.268288493156433105e-01 9.834468364715576172e-03
2.903079986572265625e-01 6.009585857391357422e-01 1.199230086058378220e-02
2.876836657524108887e-01 5.461396574974060059e-01 1.383150368928909302e-01
3.125724196434020996e-01 5.842920541763305664e-01 -2.706107683479785919e-02
3.019994795322418213e-01 6.196460127830505371e-01 1.663208194077014923e-02
2.999596893787384033e-01 6.194489598274230957e-01 1.606914401054382324e-02
3.077123463153839111e-01 5.859781503677368164e-01 -1.434895023703575134e-02
2.997409403324127197e-01 5.793960094451904297e-01 -1.516898395493626595e-03
3.067125678062438965e-01 5.832387208938598633e-01 -1.477075554430484772e-02
2.988445162773132324e-01 5.334255099296569824e-01 1.302721444517374039e-02
2.855966985225677490e-01 5.401303768157958984e-01 2.264578826725482941e-02
2.966848015785217285e-01 5.645878314971923828e-01 -2.105481456965208054e-03
2.839011549949645996e-01 3.968230485916137695e-01 4.448724910616874695e-02
2.810609340667724609e-01 4.141097068786621094e-01 3.005778789520263672e-02
2.793014943599700928e-01 4.327386021614074707e-01 1.876592263579368591e-02
2.973055243492126465e-01 6.360791921615600586e-01 1.838781498372554779e-02
3.084007501602172852e-01 4.414075016975402832e-01 -1.150404103100299835e-02
3.107562661170959473e-01 4.112475514411926270e-01 -8.036251179873943329e-03
3.138489723205566406e-01 3.797935843467712402e-01 -3.502835286781191826e-03
2.833282351493835449e-01 5.020712018013000488e-01 3.769294917583465576e-02
2.711239159107208252e-01 5.113860368728637695e-01 5.951411649584770203e-02
3.137321174144744873e-01 5.016626119613647461e-01 1.516106165945529938e-02
2.759960889816284180e-01 4.773180484771728516e-01 4.642386734485626221e-02
3.107635676860809326e-01 5.201002955436706543e-01 -6.546643562614917755e-04
2.947503328323364258e-01 5.633794665336608887e-01 -2.008712477982044220e-02
2.672732472419738770e-01 5.184376239776611328e-01 7.500647008419036865e-02
2.710392475128173828e-01 5.212593078613281250e-01 4.997202754020690918e-02
2.768700718879699707e-01 5.268787741661071777e-01 3.649770468473434448e-02
2.903802394866943359e-01 5.267112851142883301e-01 2.532718144357204437e-02
3.013269305229187012e-01 5.229317545890808105e-01 1.703013479709625244e-02
3.088623583316802979e-01 5.179266333580017090e-01 9.935153648257255554e-03
3.181246221065521240e-01 5.050356984138488770e-01 -1.607915945351123810e-02
2.632927596569061279e-01 5.448682308197021484e-01 7.395371049642562866e-02
2.729184031486511230e-01 4.737268686294555664e-01 5.364629253745079041e-02
3.055614233016967773e-01 5.803768634796142578e-01 -3.516945615410804749e-02
3.039523959159851074e-01 5.400964021682739258e-01 1.619953196495771408e-03
2.851701974868774414e-01 4.905166327953338623e-01 1.301912367343902588e-01
3.140128552913665771e-01 5.121512413024902344e-01 5.283751990646123886e-03
2.987470924854278564e-01 5.650066733360290527e-01 5.593986716121435165e-03
2.795885503292083740e-01 4.878959953784942627e-01 4.736155644059181213e-02
2.974765300750732422e-01 5.547173619270324707e-01 -1.730174571275711060e-02
2.876152396202087402e-01 5.760101675987243652e-01 1.341864615678787231e-01
3.147457242012023926e-01 4.969924092292785645e-01 1.744731888175010681e-02
3.002077341079711914e-01 5.488661527633666992e-01 -2.816713787615299225e-02
2.814128994941711426e-01 6.388958096504211426e-01 7.034607976675033569e-02
2.897389531135559082e-01 6.521291136741638184e-01 8.656159043312072754e-02
2.713057398796081543e-01 5.461059808731079102e-01 1.077195480465888977e-01
2.771524786949157715e-01 6.220408678054809570e-01 8.595872670412063599e-02
2.742119431495666504e-01 4.676733613014221191e-01 8.833952993154525757e-02
2.973434627056121826e-01 6.808385848999023438e-01 2.849604748189449310e-02
3.098049163818359375e-01 5.833610296249389648e-01 -2.521914802491664886e-02
2.981907129287719727e-01 5.482403039932250977e-01 8.097715675830841064e-03
2.725848555564880371e-01 4.935781061649322510e-01 7.535722106695175171e-02
2.878021001815795898e-01 4.992851614952087402e-01 3.046019934117794037e-02
2.947233319282531738e-01 5.014606118202209473e-01 2.523363567888736725e-02
2.964801192283630371e-01 6.220262646675109863e-01 1.973973773419857025e-02
2.643188238143920898e-01 5.695868730545043945e-01 7.608859241008758545e-02
3.092696070671081543e-01 7.008109688758850098e-01 2.389601431787014008e-02
2.976617217063903809e-01 6.804118752479553223e-01 5.338106676936149597e-02
2.942253649234771729e-01 6.685784459114074707e-01 6.841833889484405518e-02
3.332794308662414551e-01 4.121422767639160156e-01 -2.137460187077522278e-02
3.227564096450805664e-01 7.071759104728698730e-01 1.269145123660564423e-02
3.020562231540679932e-01 5.010989308357238770e-01 2.105690911412239075e-02
3.087415993213653564e-01 4.993343949317932129e-01 1.917537115514278412e-02
3.129343092441558838e-01 4.981122612953186035e-01 1.877301372587680817e-02
2.718474566936492920e-01 4.704078435897827148e-01 6.486333906650543213e-02
3.082522451877593994e-01 4.866077899932861328e-01 1.747906580567359924e-02
3.011378645896911621e-01 4.816426336765289307e-01 1.950274594128131866e-02
2.932181954383850098e-01 4.795486330986022949e-01 2.354365028440952301e-02
2.862422764301300049e-01 4.807190895080566406e-01 2.931826934218406677e-02
2.827467918395996094e-01 4.837532043457031250e-01 3.415770083665847778e-02
2.801637351512908936e-01 4.613175988197326660e-01 1.140993610024452209e-01
2.839854955673217773e-01 4.961869418621063232e-01 3.565541654825210571e-02
3.166570663452148438e-01 5.955346822738647461e-01 -1.858794316649436951e-02
2.953311800956726074e-01 5.956237316131591797e-01 2.753623295575380325e-03
2.982294559478759766e-01 5.727820396423339844e-01 -1.318968553096055984e-02
3.066419064998626709e-01 5.951437950134277344e-01 -1.245636492967605591e-02
3.291483819484710693e-01 4.831178784370422363e-01 -1.918147131800651550e-02
2.877303957939147949e-01 6.546491384506225586e-01 5.663074553012847900e-02
2.927894294261932373e-01 6.674447059631347656e-01 4.302050173282623291e-02
3.052611351013183594e-01 6.918694376945495605e-01 1.330186054110527039e-02
2.888796329498291016e-01 6.332752704620361328e-01 1.074210628867149353e-01
3.126452863216400146e-01 4.929412603378295898e-01 1.752358302474021912e-02
3.098155260086059570e-01 5.250791907310485840e-01 -1.523822825402021408e-02
3.189064860343933105e-01 6.980100870132446289e-01 2.495113760232925415e-03
3.016974627971649170e-01 6.913372278213500977e-01 3.783403709530830383e-02
2.725998461246490479e-01 5.734089612960815430e-01 1.057676970958709717e-01
3.067493140697479248e-01 6.215730309486389160e-01 3.145361784845590591e-03
3.050665855407714844e-01 6.235911846160888672e-01 2.033974975347518921e-03
3.035503923892974854e-01 6.272429823875427246e-01 8.664683555252850056e-04
3.027396500110626221e-01 6.329523921012878418e-01 2.419727155938744545e-03
3.030016124248504639e-01 6.441498994827270508e-01 9.834391064941883087e-03
2.993541955947875977e-01 6.192844510078430176e-01 1.629760488867759705e-02
2.965051531791687012e-01 6.177506446838378906e-01 1.787564158439636230e-02
2.944954037666320801e-01 6.157462000846862793e-01 1.876741088926792145e-02
2.870894074440002441e-01 6.082476973533630371e-01 2.293082885444164276e-02
2.658558487892150879e-01 5.776066780090332031e-01 5.292656645178794861e-02
3.146530091762542725e-01 5.118816494941711426e-01 -7.909167557954788208e-03
3.178828060626983643e-01 4.859387874603271484e-01 5.661718547344207764e-03
3.150755763053894043e-01 4.882866442203521729e-01 1.317763887345790863e-02
3.021748661994934082e-01 6.182656884193420410e-01 1.622955687344074249e-02
2.712499499320983887e-01 6.058666110038757324e-01 6.711531430482864380e-02
3.206352591514587402e-01 4.847762882709503174e-01 -8.409614674746990204e-03
3.005634546279907227e-01 6.561996936798095703e-01 1.553242746740579605e-02
3.153043985366821289e-01 5.309236645698547363e-01 -3.650766611099243164e-02
3.133524954319000244e-01 5.195080041885375977e-01 -2.431725710630416870e-02
3.198518753051757812e-01 5.176011323928833008e-01 -3.020406141877174377e-02
3.032286763191223145e-01 5.437827706336975098e-01 -1.190500520169734955e-02
3.179688155651092529e-01 6.844555139541625977e-01 -2.458703238517045975e-03
3.191975653171539307e-01 6.677060127258300781e-01 -3.274210263043642044e-03
3.086594343185424805e-01 6.643239855766296387e-01 4.533075727522373199e-03
2.880013287067413330e-01 6.327205300331115723e-01 3.406581282615661621e-02
2.925387620925903320e-01 5.737217068672180176e-01 1.163533143699169159e-02
2.942840456962585449e-01 6.456918716430664062e-01 2.519262209534645081e-02
2.753566503524780273e-01 5.696206688880920410e-01 2.511471696197986603e-02
2.847254872322082520e-01 5.846473574638366699e-01 1.842222549021244049e-02
2.714229822158813477e-01 5.878577828407287598e-01 3.669081628322601318e-02
3.054167330265045166e-01 6.794790029525756836e-01 8.090493269264698029e-03
3.016324043273925781e-01 5.499505996704101562e-01 -3.352089319378137589e-03
2.852531671524047852e-01 6.414666771888732910e-01 4.557265713810920715e-02
2.920883297920227051e-01 6.553858518600463867e-01 3.436245396733283997e-02
2.815750539302825928e-01 6.183494329452514648e-01 3.897804766893386841e-02
2.679410874843597412e-01 5.905118584632873535e-01 7.818328589200973511e-02
2.763804495334625244e-01 6.196731925010681152e-01 5.110701173543930054e-02
2.746427655220031738e-01 5.987916588783264160e-01 1.011197715997695923e-01
2.803201675415039062e-01 5.988050103187561035e-01 2.771659009158611298e-02
3.071540296077728271e-01 5.324088931083679199e-01 -6.159843411296606064e-03
2.960143387317657471e-01 5.692715048789978027e-01 -2.259100601077079773e-02
2.955245673656463623e-01 5.711765885353088379e-01 -1.226623728871345520e-02
2.964642345905303955e-01 5.615046024322509766e-01 -3.011686727404594421e-02
3.104861378669738770e-01 4.721302688121795654e-01 6.351826246827840805e-03
2.973278760910034180e-01 4.622871577739715576e-01 1.177644263952970505e-02
2.865701019763946533e-01 4.594426453113555908e-01 1.909524761140346527e-02
2.789962291717529297e-01 4.610376358032226562e-01 2.855679951608181000e-02
2.754794955253601074e-01 4.668777287006378174e-01 3.739921748638153076e-02
2.774464488029479980e-01 4.900873899459838867e-01 5.337819457054138184e-02
2.723722457885742188e-01 5.193871259689331055e-01 1.060181558132171631e-01
2.782703638076782227e-01 5.098360776901245117e-01 4.385975003242492676e-02
2.838463187217712402e-01 5.146327614784240723e-01 3.472053632140159607e-02
2.934651672840118408e-01 5.161334872245788574e-01 2.604167908430099487e-02
3.032239675521850586e-01 5.143686532974243164e-01 1.849554292857646942e-02
3.103834390640258789e-01 5.109153985977172852e-01 1.367637515068054199e-02
3.149531185626983643e-01 5.072724819183349609e-01 9.938435629010200500e-03
2.878204286098480225e-01 5.180351138114929199e-01 1.374219208955764771e-01
2.977117300033569336e-01 5.741860866546630859e-01 -8.393323980271816254e-03
3.054254651069641113e-01 5.367282629013061523e-01 -2.044444158673286438e-02
2.976855933666229248e-01 5.708200335502624512e-01 -3.195966035127639771e-02
3.041226267814636230e-01 5.776794552803039551e-01 -3.089060448110103607e-02
2.999378442764282227e-01 5.726906657218933105e-01 -2.794438228011131287e-02
3.005773723125457764e-01 5.781114101409912109e-01 -7.108900696039199829e-03
3.041007220745086670e-01 5.793118476867675781e-01 -3.349165618419647217e-02
3.080021739006042480e-01 5.820546746253967285e-01 -2.441271580755710602e-02
3.165206313133239746e-01 4.976759850978851318e-01 1.370120886713266373e-02
3.187136948108673096e-01 5.004746913909912109e-01 5.880542099475860596e-03
3.184012770652770996e-01 5.026030540466308594e-01 -7.342805038206279278e-04
2.811895012855529785e-01 4.862755835056304932e-01 3.874026238918304443e-02
2.783013582229614258e-01 4.793941676616668701e-01 4.098659008741378784e-02
3.232519626617431641e-01 5.332362651824951172e-01 -3.823483735322952271e-02
4.069610238075256348e-01 5.008028149604797363e-01 -2.510754391551017761e-02
3.213490545749664307e-01 5.819002985954284668e-01 -3.014670684933662415e-02
4.706535041332244873e-01 4.418047666549682617e-01 -6.515747401863336563e-03
3.755218982696533203e-01 5.117079615592956543e-01 -2.216008678078651428e-02
3.853895366191864014e-01 5.131327509880065918e-01 -2.552247419953346252e-02
3.958088159561157227e-01 5.125632286071777344e-01 -2.686607278883457184e-02
4.123292565345764160e-01 5.047388076782226562e-01 -2.525348402559757233e-02
3.676398992538452148e-01 5.080897212028503418e-01 -1.656440831720829010e-02
3.901478350162506104e-01 4.721397161483764648e-01 -3.123857080936431885e-02
3.793040513992309570e-01 4.732758402824401855e-01 -2.595284581184387207e-02
4.010592103004455566e-01 4.748378396034240723e-01 -3.213727846741676331e-02
4.090259075164794922e-01 4.806883037090301514e-01 -3.118503093719482422e-02
4.213584065437316895e-01 5.125557184219360352e-01 -2.300322800874710083e-02
3.549083471298217773e-01 6.812135577201843262e-01 -8.289387449622154236e-03
4.121316373348236084e-01 4.968698620796203613e-01 -2.389703877270221710e-02
4.699582457542419434e-01 5.042367577552795410e-01 -7.222361164167523384e-04
4.370819926261901855e-01 5.023795366287231445e-01 -1.961735822260379791e-02
3.742588758468627930e-01 5.634387731552124023e-01 -2.669546939432621002e-02
3.272082209587097168e-01 6.122056245803833008e-01 -2.298699878156185150e-02
3.278709650039672852e-01 6.228393912315368652e-01 -1.796304993331432343e-02
3.416886627674102783e-01 6.160309910774230957e-01 -2.365257404744625092e-02
3.527088165283203125e-01 6.191148161888122559e-01 -2.162837982177734375e-02
3.389061093330383301e-01 6.237469315528869629e-01 -1.925810426473617554e-02
3.484807610511779785e-01 6.240729093551635742e-01 -1.712466031312942505e-02
3.684633970260620117e-01 6.366280913352966309e-01 -1.302123628556728363e-02
3.137468993663787842e-01 5.749801993370056152e-01 -4.440298303961753845e-02
3.149775862693786621e-01 5.624426007270812988e-01 -4.800719395279884338e-02
4.259705245494842529e-01 4.660584032535552979e-01 -3.482633456587791443e-02
3.575915396213531494e-01 5.308271050453186035e-01 -2.182311937212944031e-02
3.457392454147338867e-01 5.718676447868347168e-01 -3.451480343937873840e-02
3.485672771930694580e-01 5.645493268966674805e-01 -3.283283486962318420e-02
4.105257391929626465e-01 5.632358193397521973e-01 -2.952282875776290894e-02
3.187913894653320312e-01 5.467261672019958496e-01 -4.502438381314277649e-02
3.963476717472076416e-01 4.493601620197296143e-01 -3.765127435326576233e-02
4.128192365169525146e-01 4.547185301780700684e-01 -3.733564168214797974e-02
4.535252749919891357e-01 4.164853692054748535e-01 -1.883015781641006470e-02
3.508248329162597656e-01 4.613532721996307373e-01 -2.627916261553764343e-02
3.702928721904754639e-01 4.785306453704833984e-01 -1.965024322271347046e-02
3.772882521152496338e-01 6.265251636505126953e-01 -1.589912734925746918e-02
4.629794359207153320e-01 6.329067349433898926e-01 3.222158923745155334e-02
3.392445743083953857e-01 5.789562463760375977e-01 -2.811789512634277344e-02
3.307933211326599121e-01 5.829418897628784180e-01 -2.348995208740234375e-02
3.669390380382537842e-01 6.234485507011413574e-01 -1.326347514986991882e-02
3.633017241954803467e-01 6.232302188873291016e-01 -1.287826150655746460e-02
4.208943247795104980e-01 4.452909827232360840e-01 -3.647240996360778809e-02
3.481102287769317627e-01 5.768117904663085938e-01 -2.947942912578582764e-02
3.759750127792358398e-01 4.505164027214050293e-01 -3.407938778400421143e-02
3.777470886707305908e-01 4.386778175830841064e-01 -3.694903105497360229e-02
3.990609347820281982e-01 3.838680982589721680e-01 -3.310274705290794373e-02
4.361710250377655029e-01 4.308773577213287354e-01 -2.931503206491470337e-02
3.861588835716247559e-01 4.111430048942565918e-01 -3.550495579838752747e-02
4.360266625881195068e-01 4.593602418899536133e-01 -3.097475320100784302e-02
4.525675475597381592e-01 4.518425464630126953e-01 -1.957015320658683777e-02
3.273445069789886475e-01 6.185768842697143555e-01 -2.140920981764793396e-02
3.396136462688446045e-01 6.206168532371520996e-01 -2.176482230424880981e-02
3.500364720821380615e-01 6.217705011367797852e-01 -1.986718736588954926e-02
3.373762369155883789e-01 5.811247825622558594e-01 -2.433794364333152771e-02
3.648076951503753662e-01 6.232215166091918945e-01 -1.277729868888854980e-02
3.583253026008605957e-01 6.255258321762084961e-01 -1.449105422943830490e-02
3.630113601684570312e-01 6.233323812484741211e-01 -1.269296649843454361e-02
3.299548029899597168e-01 5.756572484970092773e-01 -3.857709467411041260e-02
3.487655222415924072e-01 6.229153871536254883e-01 -1.506757270544767380e-02
3.392105102539062500e-01 6.235466003417968750e-01 -1.556841935962438583e-02
3.290956616401672363e-01 6.238183975219726562e-01 -1.457829494029283524e-02
3.317097127437591553e-01 6.540282964706420898e-01 -8.839216083288192749e-03
3.281115591526031494e-01 6.403409242630004883e-01 -1.558733265846967697e-02
3.276761174201965332e-01 6.334284543991088867e-01 -1.642138138413429260e-02
3.278546333312988281e-01 6.282364726066589355e-01 -1.433639787137508392e-02
3.285350203514099121e-01 6.248082518577575684e-01 -1.292095612734556198e-02
3.489831387996673584e-01 6.242616176605224609e-01 -1.425287500023841858e-02
3.494862914085388184e-01 6.254516243934631348e-01 -1.548509951680898666e-02
3.504626750946044922e-01 6.282384991645812988e-01 -1.698950864374637604e-02
3.517425954341888428e-01 6.323562860488891602e-01 -1.671759039163589478e-02
3.616727292537689209e-01 6.076858639717102051e-01 -2.246724441647529602e-02
4.820553064346313477e-01 5.643479228019714355e-01 3.498931974172592163e-02
3.557320833206176758e-01 6.242171525955200195e-01 -1.338778249919414520e-02
3.566668331623077393e-01 6.243065595626831055e-01 -1.403428148478269577e-02
3.274602890014648438e-01 5.882306098937988281e-01 -2.340937964618206024e-02
3.464702069759368896e-01 5.838732719421386719e-01 -2.063090167939662933e-02
3.289279341697692871e-01 5.858361721038818359e-01 -2.346273884177207947e-02
3.681004941463470459e-01 5.381447076797485352e-01 -2.319367602467536926e-02
3.840132355690002441e-01 5.470126271247863770e-01 -2.668485231697559357e-02
3.517701625823974609e-01 5.697085261344909668e-01 -2.834106795489788055e-02
4.303659200668334961e-01 3.965903520584106445e-01 -2.838304638862609863e-02
4.150620102882385254e-01 4.165419936180114746e-01 -3.445993736386299133e-02
4.011481702327728271e-01 4.376874864101409912e-01 -3.875258564949035645e-02
3.578388094902038574e-01 6.446918249130249023e-01 -1.349916029721498489e-02
3.533380031585693359e-01 4.426381289958953857e-01 -3.109289519488811493e-02
3.600377440452575684e-01 4.114282727241516113e-01 -3.118037618696689606e-02
3.694894611835479736e-01 3.786842823028564453e-01 -2.933234348893165588e-02
4.059926271438598633e-01 5.099388957023620605e-01 -2.650943212211132050e-02
4.336838424205780029e-01 5.220513939857482910e-01 -2.213208377361297607e-02
3.626289963722229004e-01 5.046743750572204590e-01 -1.398433186113834381e-02
4.221984744071960449e-01 4.859499335289001465e-01 -2.862732671201229095e-02
3.500218987464904785e-01 5.226951241493225098e-01 -2.227231301367282867e-02
3.367589712142944336e-01 5.677270293235778809e-01 -4.031972587108612061e-02
4.489025175571441650e-01 5.314118266105651855e-01 -1.767888106405735016e-02
4.224601984024047852e-01 5.312696099281311035e-01 -2.675651013851165771e-02
4.053553342819213867e-01 5.353828072547912598e-01 -2.857776358723640442e-02
3.846414983272552490e-01 5.327664613723754883e-01 -2.438306435942649841e-02
3.711072802543640137e-01 5.273976325988769531e-01 -2.045480348169803619e-02
3.611855506896972656e-01 5.212785005569458008e-01 -1.833690702915191650e-02
3.340305387973785400e-01 5.060880184173583984e-01 -2.546483837068080902e-02
4.448811113834381104e-01 5.599877238273620605e-01 -1.846413873136043549e-02
4.328452348709106445e-01 4.828192889690399170e-01 -2.834182232618331909e-02
3.133943974971771240e-01 5.813655853271484375e-01 -3.966822847723960876e-02
3.532084822654724121e-01 5.438220500946044922e-01 -2.429222129285335541e-02
4.863572418689727783e-01 5.014964938163757324e-01 2.340954355895519257e-02
3.531315922737121582e-01 5.142789483070373535e-01 -1.660870760679244995e-02
3.556519150733947754e-01 5.698720216751098633e-01 -2.059157751500606537e-02
4.169687628746032715e-01 4.964763820171356201e-01 -2.371361665427684784e-02
3.401430845260620117e-01 5.588597059249877930e-01 -3.801018744707107544e-02
4.754411578178405762e-01 5.982715487480163574e-01 3.528360649943351746e-02
3.639182150363922119e-01 5.001605749130249023e-01 -1.307876408100128174e-02
3.289967179298400879e-01 5.513506531715393066e-01 -4.335518553853034973e-02
4.160330593585968018e-01 6.625204086303710938e-01 1.196014927700161934e-03
4.219525158405303955e-01 6.783784627914428711e-01 1.636018231511116028e-02
4.671700000762939453e-01 5.638740658760070801e-01 6.826480850577354431e-03
4.366917908191680908e-01 6.465877890586853027e-01 4.738621413707733154e-03
4.626332521438598633e-01 4.760130643844604492e-01 -8.458973839879035950e-03
3.574661612510681152e-01 6.956662535667419434e-01 -4.008639138191938400e-03
3.158618509769439697e-01 5.841066241264343262e-01 -2.786674164235591888e-02
3.625839352607727051e-01 5.529796481132507324e-01 -2.379995584487915039e-02
4.499549269676208496e-01 5.047152638435363770e-01 -1.562581397593021393e-02
3.944675922393798828e-01 5.059220194816589355e-01 -2.616090513765811920e-02
3.851600289344787598e-01 5.066976547241210938e-01 -2.488391846418380737e-02
3.608528375625610352e-01 6.278594732284545898e-01 -1.428539864718914032e-02
4.433761239051818848e-01 5.874496102333068848e-01 -1.277259085327386856e-02
3.406834900379180908e-01 7.093944549560546875e-01 5.929911043494939804e-03
3.775581121444702148e-01 7.003523111343383789e-01 8.186353370547294617e-03
3.972342312335968018e-01 6.922739744186401367e-01 1.134480908513069153e-02
3.772029280662536621e-01 5.053058266639709473e-01 -2.169859409332275391e-02
3.701876699924468994e-01 5.027981400489807129e-01 -1.759006828069686890e-02
3.658460974693298340e-01 5.014726519584655762e-01 -1.418241392821073532e-02
4.448106288909912109e-01 4.795604050159454346e-01 -2.339804917573928833e-02
3.726165592670440674e-01 4.899783730506896973e-01 -2.018313109874725342e-02
3.811438083648681641e-01 4.858478903770446777e-01 -2.423862554132938385e-02
3.894646763801574707e-01 4.853717684745788574e-01 -2.742790244519710541e-02
3.983794748783111572e-01 4.878726303577423096e-01 -2.873271331191062927e-02
4.044742882251739502e-01 4.914477467536926270e-01 -2.803761698305606842e-02
4.810473322868347168e-01 4.685092270374298096e-01 9.611117653548717499e-03
4.014954864978790283e-01 5.036187767982482910e-01 -2.598444558680057526e-02
3.508205711841583252e-01 6.011136174201965332e-01 -2.315409667789936066e-02
3.381400108337402344e-01 5.773096084594726562e-01 -3.068045713007450104e-02
3.289209902286529541e-01 5.975050926208496094e-01 -2.306653931736946106e-02
3.951030075550079346e-01 6.765995621681213379e-01 8.944690926000475883e-04
3.767493367195129395e-01 6.866999268531799316e-01 -9.116719593293964863e-04
3.374309539794921875e-01 7.001590728759765625e-01 -4.259529057890176773e-03
4.441013336181640625e-01 6.598588228225708008e-01 2.469586580991744995e-02
3.664361536502838135e-01 4.964000582695007324e-01 -1.618968509137630463e-02
3.369176983833312988e-01 5.270002484321594238e-01 -2.977104485034942627e-02
3.584549427032470703e-01 7.064755558967590332e-01 4.573387093842029572e-03
4.627663493156433105e-01 5.944783687591552734e-01 9.070175699889659882e-03
3.391157388687133789e-01 6.245650053024291992e-01 -1.435522641986608505e-02
3.394294679164886475e-01 6.269866824150085449e-01 -1.597984880208969116e-02
3.395979702472686768e-01 6.311213970184326172e-01 -1.808368787169456482e-02
3.400838673114776611e-01 6.373790502548217773e-01 -1.751299761235713959e-02
3.453805446624755859e-01 6.506772637367248535e-01 -1.318420842289924622e-02
3.578611016273498535e-01 6.238383650779724121e-01 -1.519480347633361816e-02
3.597264885902404785e-01 6.227208971977233887e-01 -1.686982065439224243e-02
3.623178899288177490e-01 6.211268901824951172e-01 -1.811083965003490448e-02
3.714404106140136719e-01 6.161793470382690430e-01 -2.063078247010707855e-02
4.222486913204193115e-01 5.929447412490844727e-01 -2.245687693357467651e-02
3.419474661350250244e-01 5.135882496833801270e-01 -2.320048585534095764e-02
3.548918962478637695e-01 4.875489473342895508e-01 -1.377306226640939713e-02
3.619673848152160645e-01 4.903536736965179443e-01 -1.480227150022983551e-02
3.570311069488525391e-01 6.225546598434448242e-01 -1.392471790313720703e-02
4.263586401939392090e-01 6.256013512611389160e-01 -9.296217001974582672e-03
3.429733812808990479e-01 4.857962429523468018e-01 -1.987894065678119659e-02
3.511571884155273438e-01 6.661370992660522461e-01 -1.025213021785020828e-02
3.284437954425811768e-01 5.206421613693237305e-01 -3.222394362092018127e-02
3.420120179653167725e-01 5.471459031105041504e-01 -3.087566047906875610e-02
3.339304625988006592e-01 6.697324514389038086e-01 -7.941233925521373749e-03
3.785057365894317627e-01 6.463943123817443848e-01 -1.144702080637216568e-02
3.645884990692138672e-01 5.800050497055053711e-01 -2.167882770299911499e-02
3.659138977527618408e-01 6.582708358764648438e-01 -1.071667484939098358e-02
3.914868831634521484e-01 5.796004533767700195e-01 -2.880099602043628693e-02
3.745455145835876465e-01 5.929147601127624512e-01 -2.394838631153106689e-02
4.027735292911529541e-01 6.010865569114685059e-01 -2.504230104386806488e-02
3.354839086532592773e-01 6.863730549812316895e-01 -8.541587740182876587e-03
3.498579561710357666e-01 5.540542006492614746e-01 -2.710355818271636963e-02
3.889546692371368408e-01 6.597114801406860352e-01 -7.103508803993463516e-03
3.720529973506927490e-01 6.716105341911315918e-01 -6.072769407182931900e-03
3.885268270969390869e-01 6.318056583404541016e-01 -1.634154282510280609e-02
4.408706724643707275e-01 6.104989051818847656e-01 -7.023300975561141968e-03
4.062313437461853027e-01 6.377562284469604492e-01 -1.310657244175672531e-02
4.541776776313781738e-01 6.222258210182189941e-01 9.555052034556865692e-03
3.840216100215911865e-01 6.090222001075744629e-01 -2.278183400630950928e-02
3.451766073703765869e-01 5.353402495384216309e-01 -2.677864208817481995e-02
3.326576352119445801e-01 5.738463997840881348e-01 -4.094853252172470093e-02
3.420728147029876709e-01 5.762506127357482910e-01 -3.326353058218955994e-02
3.256558775901794434e-01 5.648154020309448242e-01 -4.507427290081977844e-02
3.622657358646392822e-01 4.742717742919921875e-01 -2.059676498174667358e-02
3.777211308479309082e-01 4.658870697021484375e-01 -2.818548306822776794e-02
3.917691111564636230e-01 4.642660915851593018e-01 -3.301304206252098083e-02
4.048776030540466309e-01 4.670646488666534424e-01 -3.473612293601036072e-02
4.154018461704254150e-01 4.744266867637634277e-01 -3.322033584117889404e-02
4.253822267055511475e-01 4.993462860584259033e-01 -2.256185375154018402e-02
4.698511362075805664e-01 5.339968800544738770e-01 2.555506303906440735e-03
4.133767187595367432e-01 5.183321833610534668e-01 -2.496358938515186310e-02
4.003820717334747314e-01 5.219068527221679688e-01 -2.541976608335971832e-02
3.858289420604705811e-01 5.218421816825866699e-01 -2.339995279908180237e-02
3.735928535461425781e-01 5.186320543289184570e-01 -2.037878707051277161e-02
3.645071685314178467e-01 5.141456723213195801e-01 -1.558104529976844788e-02
3.580108880996704102e-01 5.096583366394042969e-01 -1.389595214277505875e-02
4.852048158645629883e-01 5.324969887733459473e-01 3.134885802865028381e-02
3.434080481529235840e-01 5.790082216262817383e-01 -2.890613488852977753e-02
3.323893845081329346e-01 5.389680266380310059e-01 -3.551419451832771301e-02
3.221853971481323242e-01 5.741662383079528809e-01 -4.368654265999794006e-02
3.196821212768554688e-01 5.800283551216125488e-01 -3.766923770308494568e-02
3.244328796863555908e-01 5.763521790504455566e-01 -3.988769650459289551e-02
3.420110344886779785e-01 5.825146436691284180e-01 -2.426586300134658813e-02
3.167680203914642334e-01 5.810015797615051270e-01 -3.903713077306747437e-02
3.189040422439575195e-01 5.836330056190490723e-01 -2.900548093020915985e-02
3.595313429832458496e-01 5.001257061958312988e-01 -1.155784819275140762e-02
3.529828786849975586e-01 5.021666884422302246e-01 -1.272820960730314255e-02
3.474542200565338135e-01 5.039736628532409668e-01 -1.624319143593311310e-02
4.084255695343017578e-01 4.942214190959930420e-01 -2.639097161591053009e-02
4.153828024864196777e-01 4.874777495861053467e-01 -2.812556363642215729e-02
