3.869205713272094727e-01 6.738852262496948242e-01 -4.097548127174377441e-02
3.879378437995910645e-01 6.169846057891845703e-01 -6.692148745059967041e-02
3.866425454616546631e-01 6.350459456443786621e-01 -3.625007718801498413e-02
3.759945333003997803e-01 5.550094246864318848e-01 -4.813114926218986511e-02
3.881325125694274902e-01 5.979852080345153809e-01 -7.054045051336288452e-02
3.876175582408905029e-01 5.728607773780822754e-01 -6.436002254486083984e-02
3.859816491603851318e-01 5.125033855438232422e-01 -2.648025937378406525e-02
2.903040051460266113e-01 5.058118700981140137e-01 1.601311936974525452e-02
3.857050836086273193e-01 4.590160846710205078e-01 -1.540096011012792587e-02
3.860839903354644775e-01 4.331274628639221191e-01 -1.651320047676563263e-02
3.859219253063201904e-01 3.624866902828216553e-01 1.574652502313256264e-03
3.867672383785247803e-01 6.828823685646057129e-01 -3.974159061908721924e-02
3.863767683506011963e-01 6.903506517410278320e-01 -3.542284294962882996e-02
3.858627974987030029e-01 6.942675113677978516e-01 -2.982248179614543915e-02
3.861514329910278320e-01 7.015125155448913574e-01 -2.862533181905746460e-02
3.862922787666320801e-01 7.100763320922851562e-01 -3.073627687990665436e-02
3.862368166446685791e-01 7.205981016159057617e-01 -3.304702043533325195e-02
3.858480155467987061e-01 7.306392788887023926e-01 -3.068526834249496460e-02
3.844874501228332520e-01 7.447971701622009277e-01 -1.776426471769809723e-02
3.874053955078125000e-01 6.266765594482421875e-01 -6.075805425643920898e-02
3.760702311992645264e-01 6.253649592399597168e-01 -4.442689195275306702e-02
2.410384863615036011e-01 4.392715692520141602e-01 7.906201481819152832e-02
3.276277780532836914e-01 5.233246684074401855e-01 3.549667308107018471e-03
3.146460056304931641e-01 5.246030092239379883e-01 4.036164842545986176e-03
3.022722005844116211e-01 5.234994292259216309e-01 7.227411027997732162e-03
2.856519818305969238e-01 5.124336481094360352e-01 1.749498024582862854e-02
3.387055099010467529e-01 5.185633897781372070e-01 6.482454016804695129e-03
3.116265535354614258e-01 4.714780747890472412e-01 3.737928345799446106e-04
3.255069255828857422e-01 4.734677374362945557e-01 1.317007583566009998e-03
2.984558343887329102e-01 4.743158817291259766e-01 3.961020149290561676e-03
2.893480956554412842e-01 4.815331101417541504e-01 8.579159155488014221e-03
2.749757170677185059e-01 5.252460241317749023e-01 2.304812520742416382e-02
3.358549773693084717e-01 7.670705318450927734e-01 -8.048026822507381439e-03
2.857773303985595703e-01 5.006049871444702148e-01 2.040973305702209473e-02
2.341723591089248657e-01 5.149278044700622559e-01 7.840021699666976929e-02
2.600737512111663818e-01 5.106194019317626953e-01 3.622620180249214172e-02
3.217493593692779541e-01 6.007137298583984375e-01 -1.177133060991764069e-02
3.727614283561706543e-01 6.717309355735778809e-01 -3.978568688035011292e-02
3.750273287296295166e-01 6.907339096069335938e-01 -3.457063063979148865e-02
3.581538200378417969e-01 6.794440150260925293e-01 -3.403435647487640381e-02
3.492165803909301758e-01 6.883584260940551758e-01 -2.709679864346981049e-02
3.649327158927917480e-01 6.932185292243957520e-01 -3.115578182041645050e-02
3.572246730327606201e-01 6.964489817619323730e-01 -2.438248693943023682e-02
3.309193551540374756e-01 7.161490917205810547e-01 -1.066734921187162399e-02
3.775230348110198975e-01 6.165840625762939453e-01 -6.628960371017456055e-02
3.758364319801330566e-01 5.982111096382141113e-01 -6.952984631061553955e-02
2.689971327781677246e-01 4.584687650203704834e-01 1.491567213088274002e-02
3.463369905948638916e-01 5.544935464859008789e-01 -9.825518354773521423e-03
3.489816486835479736e-01 6.131678223609924316e-01 -3.716088086366653442e-02
3.473061323165893555e-01 6.031751036643981934e-01 -3.328940644860267639e-02
2.825075089931488037e-01 5.982342362403869629e-01 2.324341097846627235e-03
3.759491741657257080e-01 5.749005675315856934e-01 -6.109575182199478149e-02
2.988073825836181641e-01 4.347832202911376953e-01 -3.672562306746840477e-03
2.815482318401336670e-01 4.429589509963989258e-01 5.403527989983558655e-03
2.550320625305175781e-01 4.073767662048339844e-01 5.652479082345962524e-02
3.561461567878723145e-01 4.512423276901245117e-01 -1.275576837360858917e-02
3.375052511692047119e-01 4.808764457702636719e-01 5.108088254928588867e-03
3.225470185279846191e-01 6.998268961906433105e-01 -7.833516225218772888e-03
2.466347217559814453e-01 6.794596910476684570e-01 1.037224978208541870e-01
3.583080470561981201e-01 6.232520341873168945e-01 -3.241111338138580322e-02
3.680792450904846191e-01 6.280642151832580566e-01 -3.264007344841957092e-02
3.392544686794281006e-01 7.021862864494323730e-01 -9.866498410701751709e-03
3.453204631805419922e-01 7.003441452980041504e-01 -1.324998680502176285e-02
2.737427353858947754e-01 4.311625361442565918e-01 1.146034803241491318e-02
3.487061560153961182e-01 6.216879487037658691e-01 -3.062270395457744598e-02
3.227269649505615234e-01 4.354611635208129883e-01 -1.000713184475898743e-02
3.204417228698730469e-01 4.212843775749206543e-01 -1.200806815177202225e-02
3.098345100879669189e-01 3.679557442665100098e-01 1.244558393955230713e-02
2.641821205615997314e-01 4.198633432388305664e-01 3.027910180389881134e-02
3.164474368095397949e-01 3.955903053283691406e-01 -7.544670952484011650e-04
2.606367766857147217e-01 4.509318470954895020e-01 2.591540478169918060e-02
2.507008314132690430e-01 4.466435015201568604e-01 5.042738094925880432e-02
3.737222254276275635e-01 6.824006438255310059e-01 -3.884777054190635681e-02
3.620285093784332275e-01 6.877756714820861816e-01 -3.345739841461181641e-02
3.532496094703674316e-01 6.928103566169738770e-01 -2.693513967096805573e-02
3.614229857921600342e-01 6.264808177947998047e-01 -2.907418832182884216e-02
3.425896763801574707e-01 7.018024921417236328e-01 -1.147598214447498322e-02
3.463127017021179199e-01 7.045295834541320801e-01 -1.880839653313159943e-02
3.462628722190856934e-01 6.985249519348144531e-01 -1.339261699467897415e-02
3.645404577255249023e-01 6.164885163307189941e-01 -4.893372207880020142e-02
3.596441745758056641e-01 6.957348585128784180e-01 -2.227797359228134155e-02
3.672172725200653076e-01 6.946605443954467773e-01 -2.631347626447677612e-02
3.761920630931854248e-01 6.941413879394531250e-01 -2.944749407470226288e-02
3.684599697589874268e-01 7.441023588180541992e-01 -1.844040304422378540e-02
3.708099424839019775e-01 7.291074395179748535e-01 -3.102159127593040466e-02
3.721078932285308838e-01 7.183835506439208984e-01 -3.286140412092208862e-02
3.735146522521972656e-01 7.082334160804748535e-01 -3.033053874969482422e-02
3.746914565563201904e-01 7.011657357215881348e-01 -2.815787307918071747e-02
3.566363453865051270e-01 7.004144787788391113e-01 -2.143532596528530121e-02
3.546167314052581787e-01 7.031868100166320801e-01 -2.359086275100708008e-02
3.514899611473083496e-01 7.083054184913635254e-01 -2.597872912883758545e-02
3.483719825744628906e-01 7.143934965133666992e-01 -2.419313043355941772e-02
3.364347219467163086e-01 6.674019694328308105e-01 -2.214744687080383301e-02
2.321858555078506470e-01 5.915455818176269531e-01 1.264390051364898682e-01
3.869493007659912109e-01 6.300153136253356934e-01 -4.461734369397163391e-02
3.516156375408172607e-01 7.002850174903869629e-01 -1.696867868304252625e-02
3.493404090404510498e-01 7.019106149673461914e-01 -1.844967342913150787e-02
3.720662593841552734e-01 6.357285976409912109e-01 -3.374765813350677490e-02
3.528116345405578613e-01 6.328909397125244141e-01 -2.148889750242233276e-02
3.702180087566375732e-01 6.321150660514831543e-01 -3.326491639018058777e-02
3.327620327472686768e-01 5.655354857444763184e-01 -6.847366224974393845e-03
3.117552995681762695e-01 5.775978565216064453e-01 -4.219641909003257751e-03
3.453680276870727539e-01 6.115904450416564941e-01 -2.654414437711238861e-02
2.765258550643920898e-01 3.828551769256591797e-01 3.244722262024879456e-02
2.845031023025512695e-01 4.016349315643310547e-01 1.345161721110343933e-02
2.936611175537109375e-01 4.210615158081054688e-01 -1.370078651234507561e-03
3.399155139923095703e-01 7.269085049629211426e-01 -1.558417454361915588e-02
3.524571061134338379e-01 4.270038008689880371e-01 -1.679037697613239288e-02
3.494473993778228760e-01 3.979231417179107666e-01 -8.282494731247425079e-03
3.452840447425842285e-01 3.626627027988433838e-01 1.769658643752336502e-03
2.916999459266662598e-01 5.196213722229003906e-01 1.265911012887954712e-02
2.607830762863159180e-01 5.387006402015686035e-01 2.849204838275909424e-02
3.459268212318420410e-01 5.133927464485168457e-01 8.702700957655906677e-03
2.748548686504364014e-01 4.868561625480651855e-01 1.935647055506706238e-02
3.553616404533386230e-01 5.420117974281311035e-01 -1.317724585533142090e-02
3.561796844005584717e-01 6.055669784545898438e-01 -4.864218458533287048e-02
2.464858293533325195e-01 5.504133701324462891e-01 4.104640334844589233e-02
2.702568173408508301e-01 5.527532100677490234e-01 1.636795699596405029e-02
2.876641750335693359e-01 5.603087544441223145e-01 5.095817148685455322e-03
3.127661645412445068e-01 5.572006106376647949e-01 1.345168217085301876e-03
3.309323489665985107e-01 5.494491457939147949e-01 -3.033630200661718845e-04
3.446727395057678223e-01 5.405445098876953125e-01 -2.139884280040860176e-03
3.734307885169982910e-01 5.168179273605346680e-01 -2.276885323226451874e-02
2.500034570693969727e-01 5.891920328140258789e-01 3.541148826479911804e-02
2.637761831283569336e-01 4.827531576156616211e-01 2.548101730644702911e-02
3.812892436981201172e-01 6.257231831550598145e-01 -6.048473343253135681e-02
3.488520681858062744e-01 5.730862617492675781e-01 -1.635918952524662018e-02
2.289159893989562988e-01 5.136489868164062500e-01 1.213445439934730530e-01
3.549594283103942871e-01 5.300658941268920898e-01 -2.732631284743547440e-03
3.436457216739654541e-01 6.127766966819763184e-01 -1.441912911832332611e-02
2.815153300762176514e-01 5.010485053062438965e-01 2.265624701976776123e-02
3.550027012825012207e-01 5.935217142105102539e-01 -4.363949596881866455e-02
2.364665567874908447e-01 6.344344615936279297e-01 1.186041608452796936e-01
3.459373116493225098e-01 5.060024261474609375e-01 1.203799620270729065e-02
3.648840188980102539e-01 5.818294286727905273e-01 -5.467512458562850952e-02
2.792211174964904785e-01 7.254832983016967773e-01 3.488931804895401001e-02
2.767386436462402344e-01 7.429942488670349121e-01 5.764663964509963989e-02
2.348219901323318481e-01 5.906469225883483887e-01 8.051365613937377930e-02
2.628466486930847168e-01 7.005336284637451172e-01 5.107810348272323608e-02
2.420824915170669556e-01 4.786002635955810547e-01 6.810101121664047241e-02
3.314815461635589600e-01 7.834086418151855469e-01 -1.248299144208431244e-03
3.823235034942626953e-01 6.293178796768188477e-01 -4.396240040659904480e-02
3.372865617275238037e-01 5.869711041450500488e-01 -1.296314690262079239e-02
2.482333779335021973e-01 5.137973427772521973e-01 4.817252978682518005e-02
3.032481968402862549e-01 5.123692750930786133e-01 8.555288426578044891e-03
3.143790066242218018e-01 5.143894553184509277e-01 5.899594631046056747e-03
3.427850008010864258e-01 7.079780101776123047e-01 -1.700141280889511108e-02
2.539412081241607666e-01 6.244399547576904297e-01 3.742022439837455750e-02
3.535723686218261719e-01 8.077971935272216797e-01 3.328081918880343437e-03
3.138356506824493408e-01 7.823666334152221680e-01 2.584962360560894012e-02
2.966033220291137695e-01 7.663599848747253418e-01 3.930882737040519714e-02
3.861364722251892090e-01 4.007264971733093262e-01 -8.953606709837913513e-03
3.810865283012390137e-01 8.117088079452514648e-01 1.126753864809870720e-03
3.253687918186187744e-01 5.136492848396301270e-01 6.173769477754831314e-03
3.357126712799072266e-01 5.106531977653503418e-01 8.497737348079681396e-03
3.424599468708038330e-01 5.083275437355041504e-01 1.174309290945529938e-02
2.537363469600677490e-01 4.793128967285156250e-01 3.842325136065483093e-02
3.349643647670745850e-01 4.940271973609924316e-01 6.737465970218181610e-03
3.238461911678314209e-01 4.891891479492187500e-01 4.539550282061100006e-03
3.125073611736297607e-01 4.879140853881835938e-01 4.607150796800851822e-03
3.010756969451904297e-01 4.903852045536041260e-01 7.174799684435129166e-03
2.937008142471313477e-01 4.946556091308593750e-01 1.076825056225061417e-02
2.326120883226394653e-01 4.726204872131347656e-01 1.034915894269943237e-01
2.956413030624389648e-01 5.091678500175476074e-01 1.248193718492984772e-02
3.865981698036193848e-01 6.466711759567260742e-01 -3.443416953086853027e-02
3.470745682716369629e-01 6.571890115737915039e-01 -2.577698789536952972e-02
3.581177294254302979e-01 6.200929880142211914e-01 -3.651343286037445068e-02
3.704645633697509766e-01 6.494228243827819824e-01 -3.447739779949188232e-02
3.854232728481292725e-01 4.862513244152069092e-01 -1.627861894667148590e-02
2.961269021034240723e-01 7.484745979309082031e-01 2.291237004101276398e-02
3.129296600818634033e-01 7.658860087394714355e-01 1.150270644575357437e-02
3.543966710567474365e-01 7.967714667320251465e-01 -1.174391619861125946e-02
2.607694566249847412e-01 7.160836458206176758e-01 8.165730535984039307e-02
3.426624238491058350e-01 5.011687278747558594e-01 9.991124272346496582e-03
3.651654720306396484e-01 5.468543171882629395e-01 -2.977301552891731262e-02
3.824079632759094238e-01 8.002116680145263672e-01 -1.353211700916290283e-02
3.322862386703491211e-01 7.970453500747680664e-01 1.200188137590885162e-02
2.397536635398864746e-01 6.298257708549499512e-01 7.660687714815139771e-02
3.648069500923156738e-01 7.004236578941345215e-01 -2.515451237559318542e-02
3.627066612243652344e-01 7.054139375686645508e-01 -2.774457074701786041e-02
3.602855205535888672e-01 7.133157849311828613e-01 -3.021703287959098816e-02
3.580285906791687012e-01 7.228412628173828125e-01 -2.874346449971199036e-02
3.523871600627899170e-01 7.368733286857604980e-01 -1.899246685206890106e-02
3.505416214466094971e-01 6.988108158111572266e-01 -1.836503669619560242e-02
3.465938866138458252e-01 6.978341341018676758e-01 -1.873904094099998474e-02
3.426102399826049805e-01 6.953371763229370117e-01 -1.889284886419773102e-02
3.278459310531616211e-01 6.825531721115112305e-01 -1.575007475912570953e-02
2.737105190753936768e-01 6.355467438697814941e-01 1.282045058906078339e-02
3.644578754901885986e-01 5.280786156654357910e-01 -1.702941209077835083e-02
3.565488457679748535e-01 4.909113645553588867e-01 4.550739191472530365e-03
3.486003875732421875e-01 4.949956536293029785e-01 8.650165982544422150e-03
3.530666232109069824e-01 6.961863040924072266e-01 -1.708838902413845062e-02
2.716870903968811035e-01 6.772841811180114746e-01 2.868219092488288879e-02
3.683420419692993164e-01 4.887734651565551758e-01 -9.615587070584297180e-03
3.435578942298889160e-01 7.515192031860351562e-01 -1.234196126461029053e-02
3.870904743671417236e-01 5.522699356079101562e-01 -5.143652856349945068e-02
3.743498921394348145e-01 5.370337963104248047e-01 -3.655517101287841797e-02
3.864888846874237061e-01 5.332363247871398926e-01 -3.859840705990791321e-02
3.572389781475067139e-01 5.766724944114685059e-01 -3.178222477436065674e-02
3.833507001399993896e-01 7.830709218978881836e-01 -1.946455985307693481e-02
3.840417265892028809e-01 7.624680399894714355e-01 -1.827242225408554077e-02
3.633369803428649902e-01 7.610049247741699219e-01 -1.705171540379524231e-02
3.155326247215270996e-01 7.205909490585327148e-01 -3.021478652954101562e-03
3.326064944267272949e-01 6.266116499900817871e-01 -1.264533773064613342e-02
3.277336955070495605e-01 7.383817434310913086e-01 -7.711011450737714767e-03
3.026072978973388672e-01 6.213067770004272461e-01 -8.719451725482940674e-03
3.212404847145080566e-01 6.433427929878234863e-01 -1.313536334782838821e-02
2.926335334777832031e-01 6.498351693153381348e-01 -1.968160038813948631e-03
3.578407466411590576e-01 7.802651524543762207e-01 -1.735752448439598083e-02
3.500004708766937256e-01 5.878773331642150879e-01 -2.400773018598556519e-02
3.023431599140167236e-01 7.313346862792968750e-01 8.649053052067756653e-03
3.186132907867431641e-01 7.501693367958068848e-01 1.745946239680051804e-03
3.066634833812713623e-01 6.991190910339355469e-01 -1.367833348922431469e-03
2.579724788665771484e-01 6.543402075767517090e-01 4.048337414860725403e-02
2.885756790637969971e-01 6.988294124603271484e-01 1.093738805502653122e-02
2.477073967456817627e-01 6.663240194320678711e-01 6.921136379241943359e-02
3.124222755432128906e-01 6.672654151916503906e-01 -9.668334387242794037e-03
3.571497201919555664e-01 5.596830248832702637e-01 -2.261354587972164154e-02
3.605662286281585693e-01 6.136222481727600098e-01 -5.135985836386680603e-02
3.530963361263275146e-01 6.190439462661743164e-01 -3.843654319643974304e-02
3.652544319629669189e-01 6.008371710777282715e-01 -5.933146923780441284e-02
3.458000421524047852e-01 4.715314507484436035e-01 7.110490696504712105e-04
3.248331546783447266e-01 4.597257375717163086e-01 -1.298676012083888054e-03
3.068023920059204102e-01 4.579053521156311035e-01 -9.440577123314142227e-04
2.917056679725646973e-01 4.618152379989624023e-01 3.288266947492957115e-03
2.810177206993103027e-01 4.709906578063964844e-01 1.042095851153135300e-02
2.721731364727020264e-01 5.057996511459350586e-01 2.752482518553733826e-02
2.324579805135726929e-01 5.524086952209472656e-01 7.963510602712631226e-02
2.822351157665252686e-01 5.334705114364624023e-01 1.603766158223152161e-02
2.956940531730651855e-01 5.394088625907897949e-01 9.021846577525138855e-03
3.129888176918029785e-01 5.394014716148376465e-01 4.670136608183383942e-03
3.294801712036132812e-01 5.352625846862792969e-01 2.576249651610851288e-03
3.422900736331939697e-01 5.288169384002685547e-01 4.115115385502576828e-03
3.512612283229827881e-01 5.224269032478332520e-01 3.774327458813786507e-03
2.302315235137939453e-01 5.522186756134033203e-01 1.282888501882553101e-01
3.534283041954040527e-01 6.241822242736816406e-01 -3.231998533010482788e-02
3.659211695194244385e-01 5.637357234954833984e-01 -4.052389413118362427e-02
3.689208626747131348e-01 6.140338182449340820e-01 -6.060248613357543945e-02
3.753357529640197754e-01 6.227260828018188477e-01 -5.557934567332267761e-02
3.690755367279052734e-01 6.170153021812438965e-01 -5.469056591391563416e-02
3.568258285522460938e-01 6.296441555023193359e-01 -2.798984572291374207e-02
3.775649368762969971e-01 6.244114637374877930e-01 -5.881445854902267456e-02
3.785399496555328369e-01 6.281347274780273438e-01 -4.416862875223159790e-02
3.508766889572143555e-01 5.070506334304809570e-01 1.065470837056636810e-02
3.584335446357727051e-01 5.116494297981262207e-01 3.445269539952278137e-03
3.629237711429595947e-01 5.146998763084411621e-01 -4.435190930962562561e-03
2.892703711986541748e-01 4.979277253150939941e-01 1.493121962994337082e-02
2.825421988964080811e-01 4.892340898513793945e-01 1.549292262643575668e-02
3.976112306118011475e-01 5.553690791130065918e-01 -4.661817848682403564e-02
4.731531143188476562e-01 5.096154212951660156e-01 2.697236463427543640e-02
3.973474800586700439e-01 6.255809664726257324e-01 -4.325859993696212769e-02
5.145643949508666992e-01 4.456734657287597656e-01 9.602751582860946655e-02
4.378861188888549805e-01 5.258493423461914062e-01 1.056485157459974289e-02
4.503268599510192871e-01 5.273045301437377930e-01 1.247804053127765656e-02
4.620613753795623779e-01 5.265083312988281250e-01 1.706323400139808655e-02
4.769157469272613525e-01 5.162445902824401855e-01 2.911632694303989410e-02
4.272889494895935059e-01 5.207217335700988770e-01 1.194794569164514542e-02
4.548342525959014893e-01 4.758387207984924316e-01 9.025921113789081573e-03
4.413261711597442627e-01 4.770466387271881104e-01 8.110749535262584686e-03
4.672362208366394043e-01 4.792435169219970703e-01 1.418558508157730103e-02
4.753219485282897949e-01 4.865738749504089355e-01 1.957523263990879059e-02
4.865392148494720459e-01 5.291219949722290039e-01 3.555104881525039673e-02
4.283449053764343262e-01 7.667080163955688477e-01 -3.127254778519272804e-03
4.772190451622009277e-01 5.048438310623168945e-01 3.183561190962791443e-02
5.193530321121215820e-01 5.199797153472900391e-01 9.574488550424575806e-02
4.997127652168273926e-01 5.151447057723999023e-01 5.036287382245063782e-02
4.453236460685729980e-01 6.016759276390075684e-01 -4.889152012765407562e-03
4.005276262760162354e-01 6.714492440223693848e-01 -3.801624104380607605e-02
3.971864581108093262e-01 6.904227137565612793e-01 -3.304119780659675598e-02
4.135858714580535889e-01 6.786146163940429688e-01 -3.037007339298725128e-02
4.210304021835327148e-01 6.873509287834167480e-01 -2.221489325165748596e-02
4.061459302902221680e-01 6.926066875457763672e-01 -2.818818390369415283e-02
4.126920998096466064e-01 6.956030726432800293e-01 -2.044758573174476624e-02
4.357416033744812012e-01 7.154441475868225098e-01 -4.540678579360246658e-03
3.979022204875946045e-01 6.167830824851989746e-01 -6.523365527391433716e-02
3.998547196388244629e-01 5.985100269317626953e-01 -6.843762099742889404e-02
4.943689107894897461e-01 4.649097919464111328e-01 2.798759005963802338e-02
4.216701686382293701e-01 5.556405186653137207e-01 -5.105983000248670578e-03
4.222655296325683594e-01 6.133286356925964355e-01 -3.256898745894432068e-02
4.231837689876556396e-01 6.033281087875366211e-01 -2.853932976722717285e-02
4.807938039302825928e-01 6.002829074859619141e-01 1.373350992798805237e-02
3.988811969757080078e-01 5.752104520797729492e-01 -5.961386859416961670e-02
4.689018130302429199e-01 4.411680698394775391e-01 4.958945326507091522e-03
4.841527938842773438e-01 4.495720267295837402e-01 1.632765680551528931e-02
5.048276782035827637e-01 4.137430787086486816e-01 7.149486243724822998e-02
4.144961833953857422e-01 4.535748362541198730e-01 -1.010124571621417999e-02
4.294123947620391846e-01 4.837346673011779785e-01 1.076968945562839508e-02
4.439151883125305176e-01 6.991447210311889648e-01 -3.308771119918674231e-04
4.998891055583953857e-01 6.812777519226074219e-01 1.196416020393371582e-01
4.130914509296417236e-01 6.231713891029357910e-01 -2.901283837854862213e-02
4.038757085800170898e-01 6.279949545860290527e-01 -3.086816892027854919e-02
4.286744892597198486e-01 7.010697722434997559e-01 -3.444304689764976501e-03
4.226565659046173096e-01 6.991609930992126465e-01 -7.737725973129272461e-03
4.910825490951538086e-01 4.385237693786621094e-01 2.326301857829093933e-02
4.216672778129577637e-01 6.215575933456420898e-01 -2.610319294035434723e-02
4.467460513114929199e-01 4.402894973754882812e-01 -4.163856618106365204e-03
4.494167864322662354e-01 4.263584911823272705e-01 -5.804389715194702148e-03
4.580755829811096191e-01 3.721486926078796387e-01 2.102741412818431854e-02
4.984843134880065918e-01 4.263677597045898438e-01 4.356339573860168457e-02
4.528811573982238770e-01 4.001326858997344971e-01 6.630291230976581573e-03
5.013397932052612305e-01 4.576448202133178711e-01 4.005648568272590637e-02
5.083350539207458496e-01 4.531225562095642090e-01 6.578532606363296509e-02
3.992389142513275146e-01 6.821230649948120117e-01 -3.714421391487121582e-02
4.096961617469787598e-01 6.870440840721130371e-01 -3.018300049006938934e-02
4.171028435230255127e-01 6.917455196380615234e-01 -2.261777780950069427e-02
4.098216593265533447e-01 6.262758970260620117e-01 -2.635857835412025452e-02
4.254260361194610596e-01 7.006455063819885254e-01 -5.815824493765830994e-03
4.225376844406127930e-01 7.034907937049865723e-01 -1.393952313810586929e-02
4.214951097965240479e-01 6.974539756774902344e-01 -8.048041723668575287e-03
4.086797237396240234e-01 6.168667674064636230e-01 -4.583147913217544556e-02
4.095819890499114990e-01 6.948283910751342773e-01 -1.863916590809822083e-02
4.030120372772216797e-01 6.941227912902832031e-01 -2.361082285642623901e-02
3.950270414352416992e-01 6.938755512237548828e-01 -2.798927575349807739e-02
4.000070095062255859e-01 7.439757585525512695e-01 -1.711550168693065643e-02
4.003157019615173340e-01 7.290005087852478027e-01 -2.956569194793701172e-02
3.998563587665557861e-01 7.183396816253662109e-01 -3.125336766242980957e-02
3.985902070999145508e-01 7.080935835838317871e-01 -2.870630100369453430e-02
3.971404433250427246e-01 7.010606527328491211e-01 -2.656684070825576782e-02
4.130520820617675781e-01 6.997269392013549805e-01 -1.768610626459121704e-02
4.151746332645416260e-01 7.025365233421325684e-01 -1.995578967034816742e-02
4.182511568069458008e-01 7.077015638351440430e-01 -2.212513424456119537e-02
4.209763407707214355e-01 7.137514352798461914e-01 -2.000712230801582336e-02
4.325508773326873779e-01 6.669143438339233398e-01 -1.633635722100734711e-02
5.139689445495605469e-01 5.953948497772216797e-01 1.443665772676467896e-01
4.168961346149444580e-01 6.994658112525939941e-01 -1.216641906648874283e-02
4.194969236850738525e-01 7.009899616241455078e-01 -1.377486530691385269e-02
4.002894163131713867e-01 6.354730725288391113e-01 -3.217783570289611816e-02
4.171131551265716553e-01 6.323528289794921875e-01 -1.809411123394966125e-02
4.019483327865600586e-01 6.319956779479980469e-01 -3.168132156133651733e-02
4.342385828495025635e-01 5.668141245841979980e-01 -6.793999928049743176e-04
4.541954696178436279e-01 5.792163014411926270e-01 4.003482870757579803e-03
4.243563711643218994e-01 6.116142272949218750e-01 -2.184865809977054596e-02
4.874331951141357422e-01 3.885181546211242676e-01 4.459235444664955139e-02
4.814918041229248047e-01 4.078406691551208496e-01 2.411254867911338806e-02
4.738911986351013184e-01 4.276878833770751953e-01 7.897453382611274719e-03
4.272635579109191895e-01 7.262817621231079102e-01 -1.073892321437597275e-02
4.189678430557250977e-01 4.299134016036987305e-01 -1.371504366397857666e-02
4.217527210712432861e-01 4.002106785774230957e-01 -4.368399735540151596e-03
4.252877831459045410e-01 3.647910356521606445e-01 6.140826735645532608e-03
4.715773165225982666e-01 5.229912996292114258e-01 2.348417975008487701e-02
4.992637038230895996e-01 5.426524281501770020e-01 4.268133640289306641e-02
4.204364717006683350e-01 5.152522325515747070e-01 1.364325638860464096e-02
4.877304136753082275e-01 4.920635819435119629e-01 3.206614777445793152e-02
4.135202765464782715e-01 5.430092215538024902e-01 -9.459372609853744507e-03
4.165470302104949951e-01 6.060326695442199707e-01 -4.489296674728393555e-02
5.110568404197692871e-01 5.544131398200988770e-01 5.699990689754486084e-02
4.913743138313293457e-01 5.559730529785156250e-01 2.957334555685520172e-02
4.760499000549316406e-01 5.628679394721984863e-01 1.610832475125789642e-02
4.526782035827636719e-01 5.591901540756225586e-01 9.732014499604701996e-03
4.354060590267181396e-01 5.511367321014404297e-01 6.115613505244255066e-03
4.224440455436706543e-01 5.419545173645019531e-01 2.593027660623192787e-03
3.977740406990051270e-01 5.174845457077026367e-01 -2.128536999225616455e-02
5.076026320457458496e-01 5.923262834548950195e-01 5.111834406852722168e-02
4.977279603481292725e-01 4.882066845893859863e-01 3.954266756772994995e-02
3.934114873409271240e-01 6.259437203407287598e-01 -5.960077047348022461e-02
4.199106097221374512e-01 5.738644003868103027e-01 -1.179940998554229736e-02
5.198060870170593262e-01 5.188306570053100586e-01 1.396147459745407104e-01
4.130074679851531982e-01 5.313822627067565918e-01 9.023702004924416542e-04
4.250015616416931152e-01 6.127393841743469238e-01 -9.827604517340660095e-03
4.809401035308837891e-01 5.055755972862243652e-01 3.469037637114524841e-02
4.167914986610412598e-01 5.939503908157348633e-01 -3.975551575422286987e-02
5.092445611953735352e-01 6.372538805007934570e-01 1.359815299510955811e-01
4.201804399490356445e-01 5.079686641693115234e-01 1.723011955618858337e-02
4.085775315761566162e-01 5.822896957397460938e-01 -5.192572623491287231e-02
4.771126508712768555e-01 7.258682250976562500e-01 4.641484469175338745e-02
4.754939079284667969e-01 7.431812882423400879e-01 6.956908106803894043e-02
5.169841051101684570e-01 5.942629575729370117e-01 9.796205163002014160e-02
4.909116923809051514e-01 7.016786336898803711e-01 6.494736671447753906e-02
5.140623450279235840e-01 4.843381345272064209e-01 8.475501835346221924e-02
4.308943152427673340e-01 7.829928398132324219e-01 4.245391581207513809e-03
3.915305435657501221e-01 6.293324232101440430e-01 -4.354428872466087341e-02
4.304522871971130371e-01 5.877239704132080078e-01 -7.426375523209571838e-03
5.095541477203369141e-01 5.187692642211914062e-01 6.389296054840087891e-02
4.614199697971343994e-01 5.156222581863403320e-01 1.819294504821300507e-02
4.507775902748107910e-01 5.173490643501281738e-01 1.442469749599695206e-02
4.257627725601196289e-01 7.070094347000122070e-01 -1.167764607816934586e-02
5.028039813041687012e-01 6.269558668136596680e-01 5.251590907573699951e-02
4.079242646694183350e-01 8.076475262641906738e-01 6.195943336933851242e-03
4.439169764518737793e-01 7.819219231605529785e-01 3.352789580821990967e-02
4.588069319725036621e-01 7.659540176391601562e-01 4.906016588211059570e-02
4.401197433471679688e-01 5.163653492927551270e-01 1.337249763309955597e-02
4.301341176033020020e-01 5.129076838493347168e-01 1.476790383458137512e-02
4.236001074314117432e-01 5.104122757911682129e-01 1.733834110200405121e-02
5.059340000152587891e-01 4.850183129310607910e-01 5.347241088747978210e-02
4.309302866458892822e-01 4.967096745967864990e-01 1.299506518989801407e-02
4.416950345039367676e-01 4.925020933151245117e-01 1.177078392356634140e-02
4.527844786643981934e-01 4.916608929634094238e-01 1.329766307026147842e-02
4.637095928192138672e-01 4.943324327468872070e-01 1.697236113250255585e-02
4.704723954200744629e-01 4.987470805644989014e-01 2.128822728991508484e-02
5.194363594055175781e-01 4.786150455474853516e-01 1.212062314152717590e-01
4.683582186698913574e-01 5.126489400863647461e-01 2.290655486285686493e-02
4.228849411010742188e-01 6.565845608711242676e-01 -2.128151245415210724e-02
4.137800037860870361e-01 6.202724575996398926e-01 -3.321288153529167175e-02
4.019886553287506104e-01 6.491464972496032715e-01 -3.263052925467491150e-02
4.622488617897033691e-01 7.483353018760681152e-01 3.228572756052017212e-02
4.471988976001739502e-01 7.655028104782104492e-01 1.880605891346931458e-02
4.095966517925262451e-01 7.965875267982482910e-01 -9.028864093124866486e-03
4.880496561527252197e-01 7.170045375823974609e-01 9.581691026687622070e-02
4.235435724258422852e-01 5.033240914344787598e-01 1.561298407614231110e-02
4.060797691345214844e-01 5.475829839706420898e-01 -2.723321691155433655e-02
4.277640581130981445e-01 7.965396642684936523e-01 1.739827357232570648e-02
5.114515423774719238e-01 6.325553059577941895e-01 9.326617419719696045e-02
4.061556756496429443e-01 7.001366615295410156e-01 -2.243048138916492462e-02
4.082881212234497070e-01 7.050985693931579590e-01 -2.478650398552417755e-02
4.105753600597381592e-01 7.129774093627929688e-01 -2.722637914121150970e-02
4.123728275299072266e-01 7.225219607353210449e-01 -2.566080726683139801e-02
4.153970777988433838e-01 7.365782856941223145e-01 -1.566341519355773926e-02
4.182336032390594482e-01 6.977018713951110840e-01 -1.348021347075700760e-02
4.223943948745727539e-01 6.967678070068359375e-01 -1.339560654014348984e-02
4.262689054012298584e-01 6.942160129547119141e-01 -1.304422412067651749e-02
4.399592876434326172e-01 6.819307208061218262e-01 -8.727086707949638367e-03
4.868744015693664551e-01 6.373040676116943359e-01 2.508405409753322601e-02
4.055476784706115723e-01 5.289360284805297852e-01 -1.448092795908451080e-02
4.114445149898529053e-01 4.927364587783813477e-01 7.979249581694602966e-03
4.182682335376739502e-01 4.970093369483947754e-01 1.344579365104436874e-02
4.154428243637084961e-01 6.951687335968017578e-01 -1.250698789954185486e-02
4.863536059856414795e-01 6.785561442375183105e-01 4.137247800827026367e-02
4.015282988548278809e-01 4.898956716060638428e-01 -7.799717132002115250e-03
4.221783876419067383e-01 7.511281371116638184e-01 -8.347924798727035522e-03
3.980642855167388916e-01 5.374968051910400391e-01 -3.514946252107620239e-02
4.134576022624969482e-01 5.773414969444274902e-01 -2.831330522894859314e-02
4.038795828819274902e-01 7.608426809310913086e-01 -1.530205179005861282e-02
4.487805366516113281e-01 7.203246951103210449e-01 4.033294040709733963e-03
4.353121817111968994e-01 6.265797615051269531e-01 -6.996907759457826614e-03
4.370486736297607422e-01 7.380048632621765137e-01 -2.100064884871244431e-03
4.629715681076049805e-01 6.226161718368530273e-01 -2.405485720373690128e-04
4.460713863372802734e-01 6.436756253242492676e-01 -6.163495127111673355e-03
4.710702300071716309e-01 6.510553956031799316e-01 7.775950711220502853e-03
4.080771505832672119e-01 7.801502346992492676e-01 -1.484196726232767105e-02
4.195164740085601807e-01 5.883985161781311035e-01 -1.966108381748199463e-02
4.591660797595977783e-01 7.313247323036193848e-01 1.725462451577186584e-02
4.442061781883239746e-01 7.498599886894226074e-01 8.334274403750896454e-03
4.576100707054138184e-01 6.990644931793212891e-01 7.187556009739637375e-03
4.980129599571228027e-01 6.563460230827331543e-01 5.475075170397758484e-02
4.722325205802917480e-01 6.993505358695983887e-01 2.136642485857009888e-02
5.038175582885742188e-01 6.683285832405090332e-01 8.494798839092254639e-02
4.536542892456054688e-01 6.674615144729614258e-01 -1.572349108755588531e-03
4.128127396106719971e-01 5.604841709136962891e-01 -1.893848367035388947e-02
4.125768840312957764e-01 6.141517758369445801e-01 -4.799804463982582092e-02
4.186232686042785645e-01 6.191096305847167969e-01 -3.459659963846206665e-02
4.091881513595581055e-01 6.013522148132324219e-01 -5.649009346961975098e-02
4.225837290287017822e-01 4.741516411304473877e-01 5.209752824157476425e-03
4.431683421134948730e-01 4.637363553047180176e-01 5.146617535501718521e-03
4.605077207088470459e-01 4.629753232002258301e-01 7.555752061307430267e-03
4.743267595767974854e-01 4.673388302326202393e-01 1.377354096621274948e-02
4.834036827087402344e-01 4.766041338443756104e-01 2.216256782412528992e-02
4.891313910484313965e-01 5.102988481521606445e-01 4.039107263088226318e-02
5.201176404953002930e-01 5.568565130233764648e-01 9.749606251716613770e-02
4.803087711334228516e-01 5.368524789810180664e-01 2.780975960195064545e-02
4.682436883449554443e-01 5.422048568725585938e-01 1.926883682608604431e-02
4.520345628261566162e-01 5.418562293052673340e-01 1.289526093751192093e-02
4.363240897655487061e-01 5.372838973999023438e-01 9.236261248588562012e-03
4.241333007812500000e-01 5.306341648101806641e-01 9.043463505804538727e-03
4.157565534114837646e-01 5.239903330802917480e-01 7.761927321553230286e-03
5.167313814163208008e-01 5.568029284477233887e-01 1.464668363332748413e-01
4.175094664096832275e-01 6.240874528884887695e-01 -2.851043827831745148e-02
4.064333140850067139e-01 5.643061399459838867e-01 -3.788000717759132385e-02
4.057151973247528076e-01 6.145144104957580566e-01 -5.847642198204994202e-02
3.986690342426300049e-01 6.230095028877258301e-01 -5.432979017496109009e-02
4.048952460289001465e-01 6.174225211143493652e-01 -5.247100442647933960e-02
4.137624800205230713e-01 6.293398141860961914e-01 -2.490095421671867371e-02
3.969772458076477051e-01 6.247584819793701172e-01 -5.775973200798034668e-02
3.951205015182495117e-01 6.282749772071838379e-01 -4.338865727186203003e-02
4.158417582511901855e-01 5.088533163070678711e-01 1.492598839104175568e-02
4.091491103172302246e-01 5.131182074546813965e-01 6.591677665710449219e-03
4.058206677436828613e-01 5.159444808959960938e-01 -1.941540162079036236e-03
4.743365645408630371e-01 5.020829439163208008e-01 2.600006386637687683e-02
4.807985424995422363e-01 4.941806197166442871e-01 2.714959904551506042e-02
