3.477214574813842773e-01 6.947001218795776367e-01 -3.035173937678337097e-02
3.466160297393798828e-01 6.445279121398925781e-01 -6.350364536046981812e-02
3.467590510845184326e-01 6.590010523796081543e-01 -3.117001987993717194e-02
3.348415493965148926e-01 5.843277573585510254e-01 -5.084419623017311096e-02
3.462912142276763916e-01 6.267279386520385742e-01 -6.856954097747802734e-02
3.457952439785003662e-01 6.021468639373779297e-01 -6.501808017492294312e-02
3.448812961578369141e-01 5.417939424514770508e-01 -3.572181984782218933e-02
2.546818852424621582e-01 5.337510108947753906e-01 9.581599384546279907e-03
3.441103100776672363e-01 4.927884042263031006e-01 -3.021620213985443115e-02
3.439657390117645264e-01 4.678368568420410156e-01 -3.438581153750419617e-02
3.437892794609069824e-01 3.854523301124572754e-01 -2.759652212262153625e-02
3.478781580924987793e-01 7.026016712188720703e-01 -2.829884923994541168e-02
3.478955328464508057e-01 7.083041071891784668e-01 -2.364702150225639343e-02
3.479281961917877197e-01 7.104803323745727539e-01 -1.787488348782062531e-02
3.485156893730163574e-01 7.162839174270629883e-01 -1.579050719738006592e-02
3.487167656421661377e-01 7.236415147781372070e-01 -1.715115085244178772e-02
3.489024043083190918e-01 7.328436374664306641e-01 -1.887100376188755035e-02
3.489751517772674561e-01 7.419460415840148926e-01 -1.594837196171283722e-02
3.488500416278839111e-01 7.557005286216735840e-01 -2.524182200431823730e-03
3.466133177280426025e-01 6.527920961380004883e-01 -5.682300776243209839e-02
3.355405926704406738e-01 6.504197120666503906e-01 -4.023532569408416748e-02
2.069406062364578247e-01 4.637841582298278809e-01 6.289506703615188599e-02
2.914206385612487793e-01 5.493078827857971191e-01 -2.114666625857353210e-03
2.790497243404388428e-01 5.507753491401672363e-01 -1.114654587581753731e-03
2.669554352760314941e-01 5.500316023826599121e-01 2.356036100536584854e-03
2.502374649047851562e-01 5.396666526794433594e-01 1.211006194353103638e-02
3.015165925025939941e-01 5.448864698410034180e-01 -4.107909335289150476e-04
2.736006379127502441e-01 5.049921870231628418e-01 -8.990312926471233368e-03
2.866969108581542969e-01 5.065000653266906738e-01 -8.882634341716766357e-03
2.613315880298614502e-01 5.073604583740234375e-01 -4.552551545202732086e-03
2.531026005744934082e-01 5.131672620773315430e-01 6.334674544632434845e-04
2.402629256248474121e-01 5.512177348136901855e-01 1.891012303531169891e-02
3.038035929203033447e-01 7.798354625701904297e-01 1.257896050810813904e-02
2.499912977218627930e-01 5.292094945907592773e-01 1.340365037322044373e-02
2.025106251239776611e-01 5.394006967544555664e-01 7.277680933475494385e-02
2.257430404424667358e-01 5.376635193824768066e-01 3.053089976310729980e-02
2.842063009738922119e-01 6.235179901123046875e-01 -8.295818231999874115e-03
3.332324326038360596e-01 6.924231648445129395e-01 -2.904399856925010681e-02
3.358491361141204834e-01 7.081500887870788574e-01 -2.222539298236370087e-02
3.187786340713500977e-01 6.975124478340148926e-01 -2.203920856118202209e-02
3.102496862411499023e-01 7.035113573074340820e-01 -1.347509771585464478e-02
3.256721794605255127e-01 7.091653943061828613e-01 -1.797025278210639954e-02
3.179843127727508545e-01 7.104477286338806152e-01 -1.014053169637918472e-02
2.955315709114074707e-01 7.274702191352844238e-01 7.077597547322511673e-03
3.364130258560180664e-01 6.441702246665954590e-01 -6.270573288202285767e-02
3.344244360923767090e-01 6.269294619560241699e-01 -6.737796962261199951e-02
2.322718799114227295e-01 4.906636476516723633e-01 4.018167965114116669e-03
3.078565597534179688e-01 5.793924927711486816e-01 -1.250385306775569916e-02
3.085766136646270752e-01 6.367768049240112305e-01 -3.355101495981216431e-02
3.073606491088867188e-01 6.268678307533264160e-01 -3.041511029005050659e-02
2.466516494750976562e-01 6.207635402679443359e-01 6.708860863000154495e-03
3.345563411712646484e-01 6.040737628936767578e-01 -6.140629202127456665e-02
2.603069841861724854e-01 4.715500175952911377e-01 -1.741672307252883911e-02
2.438080310821533203e-01 4.776029586791992188e-01 -7.509790360927581787e-03
2.186011821031570435e-01 4.334968924522399902e-01 3.659978136420249939e-02
3.156761825084686279e-01 4.875854849815368652e-01 -2.703734114766120911e-02
2.983006536960601807e-01 5.123199224472045898e-01 -4.998311400413513184e-03
2.859477698802947998e-01 7.122989892959594727e-01 8.587085641920566559e-03
2.207911759614944458e-01 6.952952742576599121e-01 1.180902570486068726e-01
3.178613781929016113e-01 6.461262702941894531e-01 -2.841466479003429413e-02
3.278569877147674561e-01 6.512589454650878906e-01 -2.832532487809658051e-02
3.010103702545166016e-01 7.125471234321594238e-01 6.713919341564178467e-03
3.064899444580078125e-01 7.113355398178100586e-01 3.235151758417487144e-03
2.361182868480682373e-01 4.650337100028991699e-01 -2.760633127763867378e-03
3.085538744926452637e-01 6.435258388519287109e-01 -2.625694125890731812e-02
2.833824753761291504e-01 4.732081890106201172e-01 -2.432020008563995361e-02
2.807936072349548340e-01 4.584449529647827148e-01 -2.790155634284019470e-02
2.691810131072998047e-01 3.944277763366699219e-01 -1.263101585209369659e-02
2.272109389305114746e-01 4.494329094886779785e-01 1.354525517672300339e-02
2.763395607471466064e-01 4.265581369400024414e-01 -2.129741944372653961e-02
2.241137325763702393e-01 4.821905791759490967e-01 1.371309161186218262e-02
2.153856158256530762e-01 4.743847846984863281e-01 3.620051220059394836e-02
3.343512117862701416e-01 7.016955018043518066e-01 -2.711974084377288818e-02
3.226652443408966064e-01 7.048302292823791504e-01 -2.064807713031768799e-02
3.141565322875976562e-01 7.073811292648315430e-01 -1.281389314681291580e-02
3.209807276725769043e-01 6.488723754882812500e-01 -2.509233169257640839e-02
3.039942383766174316e-01 7.122520208358764648e-01 4.911125171929597855e-03
3.085464239120483398e-01 7.156435847282409668e-01 -1.785636181011795998e-03
3.074151575565338135e-01 7.101908922195434570e-01 2.997824689373373985e-03
3.237416148185729980e-01 6.421391367912292480e-01 -4.544569179415702820e-02
3.203383386135101318e-01 7.090927362442016602e-01 -8.016359061002731323e-03
3.281200826168060303e-01 7.094290852546691895e-01 -1.298395916819572449e-02
3.374411761760711670e-01 7.100757360458374023e-01 -1.683355867862701416e-02
3.331745266914367676e-01 7.554575800895690918e-01 -2.389166736975312233e-03
3.344014883041381836e-01 7.406800985336303711e-01 -1.561110001057386398e-02
3.350149989128112793e-01 7.309063076972961426e-01 -1.804612018167972565e-02
3.358633816242218018e-01 7.220610380172729492e-01 -1.620674319565296173e-02
3.368488252162933350e-01 7.159101366996765137e-01 -1.472089719027280807e-02
3.185834884643554688e-01 7.134881019592285156e-01 -6.509170867502689362e-03
3.167934417724609375e-01 7.156805396080017090e-01 -8.214741013944149017e-03
3.142331242561340332e-01 7.201680541038513184e-01 -9.638370014727115631e-03
3.118005990982055664e-01 7.257272601127624512e-01 -7.150565739721059799e-03
2.976728975772857666e-01 6.850338578224182129e-01 -1.044065132737159729e-02
2.047514021396636963e-01 6.112135648727416992e-01 1.299018412828445435e-01
3.466240167617797852e-01 6.550585627555847168e-01 -4.025230556726455688e-02
3.134292960166931152e-01 7.125652432441711426e-01 -1.074340776540338993e-03
3.112639188766479492e-01 7.135310173034667969e-01 -2.020011655986309052e-03
3.320089578628540039e-01 6.587628126144409180e-01 -2.819100208580493927e-02
3.128980696201324463e-01 6.532573103904724121e-01 -1.643549837172031403e-02
3.300257921218872070e-01 6.552821993827819824e-01 -2.846885472536087036e-02
2.952685654163360596e-01 5.892611145973205566e-01 -7.621293421834707260e-03
2.750954031944274902e-01 6.009803414344787598e-01 -3.228042274713516235e-03
3.056651353836059570e-01 6.338321566581726074e-01 -2.296327054500579834e-02
2.380363941192626953e-01 4.098237156867980957e-01 1.000649202615022659e-02
2.461268305778503418e-01 4.324146211147308350e-01 -5.189300514757633209e-03
2.551420032978057861e-01 4.568493366241455078e-01 -1.672243326902389526e-02
3.049357831478118896e-01 7.384828925132751465e-01 2.563523128628730774e-03
3.114334344863891602e-01 4.637417197227478027e-01 -3.342469781637191772e-02
3.080329596996307373e-01 4.272078573703765869e-01 -3.023801743984222412e-02
3.034356236457824707e-01 3.874886929988861084e-01 -2.525959163904190063e-02
2.563641667366027832e-01 5.464437603950500488e-01 7.539832964539527893e-03
2.268303930759429932e-01 5.638550519943237305e-01 2.616041712462902069e-02
3.077881336212158203e-01 5.404263138771057129e-01 9.127588127739727497e-04
2.391568124294281006e-01 5.164504051208496094e-01 1.151592005044221878e-02
3.162677288055419922e-01 5.683006048202514648e-01 -1.731792278587818146e-02
3.154873251914978027e-01 6.314891576766967773e-01 -4.577429965138435364e-02
2.137941718101501465e-01 5.748195052146911621e-01 4.067990928888320923e-02
2.359605580568313599e-01 5.772595405578613281e-01 1.585466228425502777e-02
2.526139616966247559e-01 5.844578146934509277e-01 5.030729342252016068e-03
2.767919301986694336e-01 5.813661813735961914e-01 1.248759363079443574e-04
2.941738963127136230e-01 5.738210678100585938e-01 -2.898965263739228249e-03
3.068068325519561768e-01 5.656827092170715332e-01 -6.471161264926195145e-03
3.328637778759002686e-01 5.461429953575134277e-01 -3.105870448052883148e-02
2.170897424221038818e-01 6.117701530456542969e-01 3.963904827833175659e-02
2.282529622316360474e-01 5.124117136001586914e-01 1.698150485754013062e-02
3.405752182006835938e-01 6.519847512245178223e-01 -5.627938732504844666e-02
3.097348511219024658e-01 5.975593924522399902e-01 -1.662470400333404541e-02
1.991870403289794922e-01 5.353238582611083984e-01 1.143819317221641541e-01
3.161480128765106201e-01 5.564251542091369629e-01 -8.713799528777599335e-03
3.044189810752868652e-01 6.340528130531311035e-01 -1.077009551227092743e-02
2.461006641387939453e-01 5.294426083564758301e-01 1.596414670348167419e-02
3.145761787891387939e-01 6.193494796752929688e-01 -4.186859726905822754e-02
2.103113979101181030e-01 6.524686813354492188e-01 1.273142248392105103e-01
3.072682619094848633e-01 5.339252352714538574e-01 3.229615511372685432e-03
3.240878283977508545e-01 6.098484396934509277e-01 -5.392362922430038452e-02
2.497841417789459229e-01 7.403090596199035645e-01 5.407945066690444946e-02
2.503231465816497803e-01 7.561753392219543457e-01 7.840394973754882812e-02
2.049193233251571655e-01 6.126343607902526855e-01 8.447667211294174194e-02
2.331987917423248291e-01 7.170806527137756348e-01 6.799491494894027710e-02
2.085988670587539673e-01 5.046078562736511230e-01 5.776228010654449463e-02
3.012904822826385498e-01 7.952306866645812988e-01 2.142560482025146484e-02
3.418916463851928711e-01 6.544046998023986816e-01 -3.950696066021919250e-02
2.990352809429168701e-01 6.100087165832519531e-01 -1.150183100253343582e-02
2.147174030542373657e-01 5.403935909271240234e-01 4.278367757797241211e-02
2.676576972007751465e-01 5.395711660385131836e-01 2.486230107024312019e-03
2.786217033863067627e-01 5.410634875297546387e-01 -3.851320070680230856e-04
3.055025935173034668e-01 7.187942862510681152e-01 3.332674095872789621e-04
2.210987061262130737e-01 6.455563902854919434e-01 4.606556147336959839e-02
3.234667181968688965e-01 8.166676759719848633e-01 2.727418765425682068e-02
2.866157889366149902e-01 7.932476997375488281e-01 4.869168624281883240e-02
2.701147496700286865e-01 7.781409621238708496e-01 6.140206009149551392e-02
3.440529704093933105e-01 4.279681742191314697e-01 -3.236202895641326904e-02
3.489149212837219238e-01 8.194944262504577637e-01 2.434138022363185883e-02
2.889812290668487549e-01 5.400032997131347656e-01 -7.276270189322531223e-04
2.985385358333587646e-01 5.371242761611938477e-01 8.363424567505717278e-04
3.045066893100738525e-01 5.353605747222900391e-01 3.301941556856036186e-03
2.187553048133850098e-01 5.081211924552917480e-01 2.916926331818103790e-02
2.967433631420135498e-01 5.237916111946105957e-01 -2.475011860951781273e-03
2.859582602977752686e-01 5.200431346893310547e-01 -4.622328095138072968e-03
2.751280665397644043e-01 5.192686319351196289e-01 -4.131912719458341599e-03
2.642445564270019531e-01 5.213925838470458984e-01 -8.623205358162522316e-04
2.573281824588775635e-01 5.249224901199340820e-01 3.260617610067129135e-03
2.006905823945999146e-01 4.958533644676208496e-01 9.123275429010391235e-02
2.600789666175842285e-01 5.367872118949890137e-01 6.297176238149404526e-03
3.469915986061096191e-01 6.696753501892089844e-01 -2.784650586545467377e-02
3.079129457473754883e-01 6.762650609016418457e-01 -1.654216460883617401e-02
3.174547553062438965e-01 6.439667940139770508e-01 -3.306440636515617371e-02
3.308590650558471680e-01 6.714445352554321289e-01 -2.699251472949981689e-02
3.444941639900207520e-01 5.167949199676513672e-01 -2.851083502173423767e-02
2.672901749610900879e-01 7.618315815925598145e-01 4.399975761771202087e-02
2.837837934494018555e-01 7.784255743026733398e-01 3.345341607928276062e-02
3.228161334991455078e-01 8.075567483901977539e-01 1.100526377558708191e-02
2.345492839813232422e-01 7.304103374481201172e-01 9.977169334888458252e-02
3.040604293346405029e-01 5.298528671264648438e-01 9.528014925308525562e-04
3.250112831592559814e-01 5.749140381813049316e-01 -3.367432579398155212e-02
3.491311669349670410e-01 8.098595142364501953e-01 8.575341664254665375e-03
3.038594424724578857e-01 8.068978190422058105e-01 3.568774834275245667e-02
2.103769034147262573e-01 6.501042246818542480e-01 8.526691049337387085e-02
3.267563283443450928e-01 7.145458459854125977e-01 -1.109687052667140961e-02
3.250076174736022949e-01 7.188700437545776367e-01 -1.300298236310482025e-02
3.232564628124237061e-01 7.257493138313293457e-01 -1.460286602377891541e-02
3.217498660087585449e-01 7.345449924468994141e-01 -1.232544519007205963e-02
3.175104558467864990e-01 7.483954429626464844e-01 -1.597005524672567844e-03
3.112778067588806152e-01 7.110478878021240234e-01 -3.114122664555907249e-03
3.076026737689971924e-01 7.100070714950561523e-01 -3.297622781246900558e-03
3.039334118366241455e-01 7.077418565750122070e-01 -3.644068958237767220e-03
2.897116243839263916e-01 6.975662708282470703e-01 -1.767503796145319939e-03
2.384488731622695923e-01 6.563957929611206055e-01 2.194375358521938324e-02
3.246414661407470703e-01 5.561158061027526855e-01 -2.337605133652687073e-02
3.168184161186218262e-01 5.206763744354248047e-01 -5.980772897601127625e-03
3.093342483043670654e-01 5.243057608604431152e-01 -1.340206828899681568e-03
3.136406838893890381e-01 7.086356282234191895e-01 -1.745565328747034073e-03
2.386925518512725830e-01 6.952818632125854492e-01 4.280154407024383545e-02
3.279245495796203613e-01 5.195347666740417480e-01 -2.081142924726009369e-02
3.100492954254150391e-01 7.638847231864929199e-01 6.362366490066051483e-03
3.454774618148803711e-01 5.816497802734375000e-01 -5.495379492640495300e-02
3.335635364055633545e-01 5.662880539894104004e-01 -4.229195788502693176e-02
3.451578915119171143e-01 5.625905394554138184e-01 -4.510065913200378418e-02
3.172146677970886230e-01 6.027449369430541992e-01 -3.209807351231575012e-02
3.490681350231170654e-01 7.941452860832214355e-01 5.602682358585298061e-04
3.490145206451416016e-01 7.737508416175842285e-01 -7.441798807121813297e-04
3.289887011051177979e-01 7.729473114013671875e-01 1.137665123678743839e-03
2.821674942970275879e-01 7.338800430297851562e-01 1.516615040600299835e-02
2.943022847175598145e-01 6.470354199409484863e-01 -7.135149557143449783e-03
2.948922514915466309e-01 7.509418129920959473e-01 1.124446466565132141e-02
2.652060985565185547e-01 6.433343291282653809e-01 -2.248757751658558846e-03
2.832819223403930664e-01 6.632423400878906250e-01 -4.442883189767599106e-03
2.560186386108398438e-01 6.699261665344238281e-01 8.431646972894668579e-03
3.247218132019042969e-01 7.923636436462402344e-01 3.220649203285574913e-03
3.104987144470214844e-01 6.119982600212097168e-01 -2.288353256881237030e-02
2.711551487445831299e-01 7.452796697616577148e-01 2.820057608187198639e-02
2.874032557010650635e-01 7.633683085441589355e-01 2.216015569865703583e-02
2.719530165195465088e-01 7.138822078704833984e-01 1.484809163957834244e-02
2.257915437221527100e-01 6.738463640213012695e-01 5.244871601462364197e-02
2.554841935634613037e-01 7.149143218994140625e-01 2.731761150062084198e-02
2.187116593122482300e-01 6.847995519638061523e-01 8.242364972829818726e-02
2.749759256839752197e-01 6.847438812255859375e-01 2.121414989233016968e-03
3.174749016761779785e-01 5.858741402626037598e-01 -2.465184405446052551e-02
3.197924494743347168e-01 6.395543813705444336e-01 -4.809019714593887329e-02
3.124845325946807861e-01 6.426516771316528320e-01 -3.444946929812431335e-02
3.242703080177307129e-01 6.285780668258666992e-01 -5.688064172863960266e-02
3.060258328914642334e-01 5.045244693756103516e-01 -1.094234362244606018e-02
2.858305573463439941e-01 4.946096539497375488e-01 -1.320318132638931274e-02
2.686486542224884033e-01 4.927701950073242188e-01 -1.202517375349998474e-02
2.543267607688903809e-01 4.954435229301452637e-01 -6.743859499692916870e-03
2.444005012512207031e-01 5.027647018432617188e-01 1.137881772592663765e-03
2.372993379831314087e-01 5.332936048507690430e-01 2.116973698139190674e-02
2.018927931785583496e-01 5.758983492851257324e-01 7.920657098293304443e-02
2.474738061428070068e-01 5.592942237854003906e-01 1.298053190112113953e-02
2.606015503406524658e-01 5.649236440658569336e-01 6.041409447789192200e-03
2.774235010147094727e-01 5.647211670875549316e-01 1.377513632178306580e-03
2.930177748203277588e-01 5.604602098464965820e-01 -1.417537219822406769e-03
3.048262000083923340e-01 5.545841455459594727e-01 -1.628618687391281128e-03
3.128304481506347656e-01 5.488969683647155762e-01 -2.868656301870942116e-03
2.017663270235061646e-01 5.728356242179870605e-01 1.260797232389450073e-01
3.130513727664947510e-01 6.463981866836547852e-01 -2.808016538619995117e-02
3.253955245018005371e-01 5.918363332748413086e-01 -4.212278500199317932e-02
3.280148506164550781e-01 6.413596272468566895e-01 -5.714588239789009094e-02
3.347572982311248779e-01 6.486548781394958496e-01 -5.156251415610313416e-02
3.282101750373840332e-01 6.433867216110229492e-01 -5.112971365451812744e-02
3.166029155254364014e-01 6.510947346687316895e-01 -2.346461080014705658e-02
3.368930816650390625e-01 6.506385803222656250e-01 -5.458416789770126343e-02
3.381583988666534424e-01 6.531847119331359863e-01 -3.987885266542434692e-02
3.118176162242889404e-01 5.350059866905212402e-01 1.764647313393652439e-03
3.191172480583190918e-01 5.392240285873413086e-01 -5.017632152885198593e-03
3.232181668281555176e-01 5.426992177963256836e-01 -1.270585786551237106e-02
2.531933784484863281e-01 5.274731516838073730e-01 7.640790194272994995e-03
2.467427849769592285e-01 5.192685127258300781e-01 8.137178607285022736e-03
3.560125827789306641e-01 5.838509202003479004e-01 -5.046104267239570618e-02
4.322445988655090332e-01 5.309495925903320312e-01 1.213080715388059616e-02
3.573974967002868652e-01 6.498751044273376465e-01 -3.974625840783119202e-02
4.791806340217590332e-01 4.568318128585815430e-01 6.684876978397369385e-02
3.966171741485595703e-01 5.473634004592895508e-01 -4.725447797682136297e-04
4.089556336402893066e-01 5.482092499732971191e-01 9.393968502990901470e-04
4.209256172180175781e-01 5.468952655792236328e-01 4.627807531505823135e-03
4.368191361427307129e-01 5.364637374877929688e-01 1.479595806449651718e-02
3.864013552665710449e-01 5.433918237686157227e-01 8.035637438297271729e-04
4.138073921203613281e-01 5.038612484931945801e-01 -7.014445494860410690e-03
4.007505178451538086e-01 5.052763223648071289e-01 -7.281851954758167267e-03
4.258119463920593262e-01 5.060281753540039062e-01 -2.269019838422536850e-03
4.337446689605712891e-01 5.115666389465332031e-01 3.191421506926417351e-03
4.473983049392700195e-01 5.465649366378784180e-01 2.168069221079349518e-02
3.930369615554809570e-01 7.772555351257324219e-01 1.397529803216457367e-02
4.367228746414184570e-01 5.266760587692260742e-01 1.606413535773754120e-02
4.844411313533782959e-01 5.314101576805114746e-01 7.683612406253814697e-02
4.616520404815673828e-01 5.322155356407165527e-01 3.371645882725715637e-02
4.071443974971771240e-01 6.200836896896362305e-01 -6.631542928516864777e-03
3.620514869689941406e-01 6.914533376693725586e-01 -2.846686355769634247e-02
3.598879277706146240e-01 7.074046134948730469e-01 -2.173273451626300812e-02
3.766379356384277344e-01 6.955670118331909180e-01 -2.085793018341064453e-02
3.855250179767608643e-01 7.008920311927795410e-01 -1.191955618560314178e-02
3.701701164245605469e-01 7.076830863952636719e-01 -1.706266030669212341e-02
3.779456019401550293e-01 7.084354758262634277e-01 -8.871408179402351379e-03
4.008796215057373047e-01 7.240442633628845215e-01 8.846556767821311951e-03
3.567041754722595215e-01 6.435264945030212402e-01 -6.231621652841567993e-02
3.580474257469177246e-01 6.262322068214416504e-01 -6.701721251010894775e-02
4.542386233806610107e-01 4.883639812469482422e-01 6.931896787136793137e-03
3.820935487747192383e-01 5.775939226150512695e-01 -1.126667391508817673e-02
3.837936222553253174e-01 6.348719000816345215e-01 -3.204018622636795044e-02
3.845410943031311035e-01 6.248492598533630371e-01 -2.895160578191280365e-02
4.440113306045532227e-01 6.151437759399414062e-01 9.176185354590415955e-03
3.570722937583923340e-01 6.034584641456604004e-01 -6.095136702060699463e-02
4.263955354690551758e-01 4.707549214363098145e-01 -1.554362755268812180e-02
4.427215754985809326e-01 4.764032363891601562e-01 -5.088607780635356903e-03
4.676782190799713135e-01 4.278335571289062500e-01 4.013442248106002808e-02
3.719352781772613525e-01 4.872168898582458496e-01 -2.656275965273380280e-02
3.892782330513000488e-01 5.111237764358520508e-01 -3.660094225779175758e-03
4.097345471382141113e-01 7.082250714302062988e-01 1.069311890751123428e-02
4.689858257770538330e-01 6.877065300941467285e-01 1.221066638827323914e-01
3.749164342880249023e-01 6.448290944099426270e-01 -2.717638947069644928e-02
3.651007711887359619e-01 6.504213213920593262e-01 -2.765493281185626984e-02
3.955438137054443359e-01 7.093905210494995117e-01 8.607788011431694031e-03
3.897618055343627930e-01 7.084738612174987793e-01 4.846226423978805542e-03
4.502082467079162598e-01 4.635618329048156738e-01 -9.426967153558507562e-05
3.839310407638549805e-01 6.415119767189025879e-01 -2.483552508056163788e-02
4.036066234111785889e-01 4.725416302680969238e-01 -2.307050861418247223e-02
4.060885310173034668e-01 4.576788544654846191e-01 -2.644253708422183990e-02
4.175089597702026367e-01 3.914907574653625488e-01 -1.075245998799800873e-02
4.592914283275604248e-01 4.455524086952209473e-01 1.668155752122402191e-02
4.107463359832763672e-01 4.246163368225097656e-01 -1.960222795605659485e-02
4.622708559036254883e-01 4.789687693119049072e-01 1.699295081198215485e-02
4.711143374443054199e-01 4.691543281078338623e-01 3.977972269058227539e-02
3.612737357616424561e-01 7.008849382400512695e-01 -2.653410099446773529e-02
3.731035292148590088e-01 7.031780481338500977e-01 -1.958759315311908722e-02
3.818154633045196533e-01 7.050259709358215332e-01 -1.150165684521198273e-02
3.718131482601165771e-01 6.476698517799377441e-01 -2.418542653322219849e-02
3.924263417720794678e-01 7.092192769050598145e-01 6.570631172508001328e-03
3.881973028182983398e-01 7.130283117294311523e-01 -3.513416450005024672e-04
3.885645866394042969e-01 7.075366377830505371e-01 4.539536312222480774e-03
3.690649569034576416e-01 6.411212682723999023e-01 -4.447345808148384094e-02
3.754010796546936035e-01 7.071303725242614746e-01 -6.942109670490026474e-03
3.675616979598999023e-01 7.081737518310546875e-01 -1.213065721094608307e-02
3.582603633403778076e-01 7.094345688819885254e-01 -1.640229485929012299e-02
3.642138242721557617e-01 7.545241713523864746e-01 -2.020836109295487404e-03
3.633572757244110107e-01 7.399516105651855469e-01 -1.517705805599689484e-02
3.625924885272979736e-01 7.302487492561340332e-01 -1.759857870638370514e-02
3.614048957824707031e-01 7.214094400405883789e-01 -1.572132296860218048e-02
3.600853979587554932e-01 7.152771949768066406e-01 -1.420181337743997574e-02
3.780975341796875000e-01 7.115204930305480957e-01 -5.342193413525819778e-03
3.799764215946197510e-01 7.136740684509277344e-01 -7.057840470224618912e-03
3.826576173305511475e-01 7.181085348129272461e-01 -8.456203155219554901e-03
3.851650655269622803e-01 7.235710620880126953e-01 -5.828551016747951508e-03
3.965983986854553223e-01 6.819159984588623047e-01 -8.619204163551330566e-03
4.824777841567993164e-01 6.027378439903259277e-01 1.342933326959609985e-01
3.829528987407684326e-01 7.102077007293701172e-01 4.243406001478433609e-04
3.853606879711151123e-01 7.111845016479492188e-01 -6.884923786856234074e-04
3.612737357616424561e-01 6.580368876457214355e-01 -2.767651714384555817e-02
3.798466920852661133e-01 6.513656973838806152e-01 -1.540025509893894196e-02
3.630687892436981201e-01 6.544157862663269043e-01 -2.795624732971191406e-02
3.949488103389739990e-01 5.867241621017456055e-01 -6.197025999426841736e-03
4.154019355773925781e-01 5.972388982772827148e-01 -1.437136321328580379e-03
3.863334059715270996e-01 6.316948533058166504e-01 -2.163602970540523529e-02
4.483087062835693359e-01 4.052026271820068359e-01 1.266441401094198227e-02
4.403504133224487305e-01 4.296058416366577148e-01 -2.745849778875708580e-03
4.313625693321228027e-01 4.558105170726776123e-01 -1.461350824683904648e-02
3.917756080627441406e-01 7.357290387153625488e-01 3.946642391383647919e-03
3.760099112987518311e-01 4.634733796119689941e-01 -3.273731470108032227e-02
3.795781135559082031e-01 4.260511398315429688e-01 -2.928443625569343567e-02
3.838486075401306152e-01 3.857783079147338867e-01 -2.433124370872974396e-02
4.311101436614990234e-01 5.430540442466735840e-01 1.007244177162647247e-02
4.612917602062225342e-01 5.576283931732177734e-01 2.943704091012477875e-02
3.799830675125122070e-01 5.391644835472106934e-01 2.143605379387736320e-03
4.476901292800903320e-01 5.136796236038208008e-01 1.435741782188415527e-02
3.735208511352539062e-01 5.670312047004699707e-01 -1.643268018960952759e-02
3.767961561679840088e-01 6.300932765007019043e-01 -4.456973075866699219e-02
4.743490517139434814e-01 5.675217509269714355e-01 4.432442039251327515e-02
4.527021050453186035e-01 5.712959170341491699e-01 1.897207088768482208e-02
4.367964565753936768e-01 5.793958902359008789e-01 7.495031692087650299e-03
4.128503203392028809e-01 5.778543949127197266e-01 1.982208341360092163e-03
3.953008949756622314e-01 5.714249014854431152e-01 -1.503092003986239433e-03
3.824838101863861084e-01 5.639615654945373535e-01 -5.287455394864082336e-03
3.568583130836486816e-01 5.456808805465698242e-01 -3.072587959468364716e-02
4.719950556755065918e-01 6.043782234191894531e-01 4.329823330044746399e-02
4.586685597896575928e-01 5.084676742553710938e-01 2.035578712821006775e-02
3.526719212532043457e-01 6.516873836517333984e-01 -5.594182386994361877e-02
3.809306323528289795e-01 5.957965850830078125e-01 -1.541456580162048340e-02
4.870046079158782959e-01 5.267270207405090332e-01 1.185818314552307129e-01
3.730380535125732422e-01 5.553370714187622070e-01 -7.874888367950916290e-03
3.874658048152923584e-01 6.316374540328979492e-01 -9.416273795068264008e-03
4.406652450561523438e-01 5.266683101654052734e-01 1.873976364731788635e-02
3.771753907203674316e-01 6.177631616592407227e-01 -4.067768901586532593e-02
4.780063033103942871e-01 6.442943811416625977e-01 1.317409723997116089e-01
3.801901042461395264e-01 5.327861309051513672e-01 4.463360179215669632e-03
3.675713837146759033e-01 6.087455749511718750e-01 -5.315076932311058044e-02
4.436644315719604492e-01 7.343330383300781250e-01 5.690724402666091919e-02
4.425410032272338867e-01 7.501372098922729492e-01 8.137679845094680786e-02
4.832274913787841797e-01 6.043896079063415527e-01 8.871747553348541260e-02
4.587192535400390625e-01 7.101615071296691895e-01 7.154116034507751465e-02
4.780826568603515625e-01 4.976971745491027832e-01 6.167354807257652283e-02
3.955867886543273926e-01 7.923607230186462402e-01 2.295841090381145477e-02
3.513342142105102539e-01 6.541837453842163086e-01 -3.937395662069320679e-02
3.919411301612854004e-01 6.075440645217895508e-01 -9.985954500734806061e-03
4.725875854492187500e-01 5.338231325149536133e-01 4.643151909112930298e-02
4.196600914001464844e-01 5.368750691413879395e-01 4.768689628690481186e-03
4.089384078979492188e-01 5.387709736824035645e-01 1.631418126635253429e-03
3.913182616233825684e-01 7.160196304321289062e-01 1.957423286512494087e-03
4.689421653747558594e-01 6.383597850799560547e-01 4.968491941690444946e-02
3.738881945610046387e-01 8.150743842124938965e-01 2.808127924799919128e-02
4.088926613330841064e-01 7.895692586898803711e-01 5.083412677049636841e-02
4.243370592594146729e-01 7.734695076942443848e-01 6.402063369750976562e-02
3.986090123653411865e-01 5.381010174751281738e-01 8.565474417991936207e-04
3.890249729156494141e-01 5.354995131492614746e-01 2.267740201205015182e-03
3.830698132514953613e-01 5.340408682823181152e-01 4.589558113366365433e-03
4.680089950561523438e-01 5.029633641242980957e-01 3.277763351798057556e-02
3.908412456512451172e-01 5.227440595626831055e-01 -9.599596378393471241e-04
4.016019701957702637e-01 5.189209580421447754e-01 -3.061122726649045944e-03
4.122269153594970703e-01 5.181397795677185059e-01 -2.037660218775272369e-03
4.228545427322387695e-01 5.200732350349426270e-01 1.346727833151817322e-03
4.295561015605926514e-01 5.231546163558959961e-01 5.606815684586763382e-03
4.852946996688842773e-01 4.877992868423461914e-01 9.530934691429138184e-02
4.270046949386596680e-01 5.338901281356811523e-01 8.747283369302749634e-03
3.858968615531921387e-01 6.738504767417907715e-01 -1.508956402540206909e-02
3.752400279045104980e-01 6.426447033882141113e-01 -3.198225051164627075e-02
3.631477355957031250e-01 6.704472303390502930e-01 -2.634180337190628052e-02
4.273243844509124756e-01 7.570216655731201172e-01 4.640711098909378052e-02
4.119623303413391113e-01 7.746418118476867676e-01 3.551959246397018433e-02
3.748720288276672363e-01 8.059270977973937988e-01 1.169961504638195038e-02
4.567358195781707764e-01 7.235010266304016113e-01 1.033254936337471008e-01
3.834969103336334229e-01 5.286394357681274414e-01 2.203807700425386429e-03
3.653185665607452393e-01 5.740204453468322754e-01 -3.297121450304985046e-02
3.928040564060211182e-01 8.041769862174987793e-01 3.707325831055641174e-02
4.785936474800109863e-01 6.420266032218933105e-01 8.944643288850784302e-02
3.700478076934814453e-01 7.132422924041748047e-01 -1.030036527663469315e-02
3.719920217990875244e-01 7.174733877182006836e-01 -1.211295183748006821e-02
3.739949762821197510e-01 7.243508100509643555e-01 -1.367162633687257767e-02
3.756888210773468018e-01 7.330558300018310547e-01 -1.136439666152000427e-02
3.796457648277282715e-01 7.465317249298095703e-01 -6.453300593420863152e-04
3.848707079887390137e-01 7.085341811180114746e-01 -1.561676617711782455e-03
3.885424733161926270e-01 7.073856592178344727e-01 -1.604401273652911186e-03
3.922296762466430664e-01 7.047889232635498047e-01 -1.829857588745653629e-03
4.052588641643524170e-01 6.938271522521972656e-01 3.556188312359154224e-04
4.528067111968994141e-01 6.501513123512268066e-01 2.480697445571422577e-02
3.650659322738647461e-01 5.552963018417358398e-01 -2.273280359804630280e-02
3.711969554424285889e-01 5.200465321540832520e-01 -5.064918193966150284e-03
3.783318996429443359e-01 5.233097672462463379e-01 -2.822436217684298754e-04
3.821846544742584229e-01 7.063635587692260742e-01 -4.236601816955953836e-04
4.534516334533691406e-01 6.889174580574035645e-01 4.595337063074111938e-02
3.607598543167114258e-01 5.192033052444458008e-01 -2.043704688549041748e-02
3.868133127689361572e-01 7.616353631019592285e-01 7.584015838801860809e-03
3.567013442516326904e-01 5.658458471298217773e-01 -4.195354506373405457e-02
3.737566173076629639e-01 6.014385819435119629e-01 -3.114023804664611816e-02
3.685768544673919678e-01 7.718983292579650879e-01 1.620585448108613491e-03
4.131901264190673828e-01 7.297254800796508789e-01 1.715130545198917389e-02
3.979463577270507812e-01 6.439480781555175781e-01 -5.516630131751298904e-03
4.012848734855651855e-01 7.477440237998962402e-01 1.290023792535066605e-02
4.266770184040069580e-01 6.388167142868041992e-01 -2.862690889742225409e-04
4.095271825790405273e-01 6.595358848571777344e-01 -2.499959897249937057e-03
4.365602731704711914e-01 6.648498177528381348e-01 1.072636805474758148e-02
3.730068504810333252e-01 7.909661531448364258e-01 3.951432649046182632e-03
3.807651102542877197e-01 6.102601885795593262e-01 -2.159803360700607300e-02
4.237269163131713867e-01 7.405841350555419922e-01 3.040252067148685455e-02
4.085599780082702637e-01 7.596864700317382812e-01 2.396459318697452545e-02
4.227608740329742432e-01 7.090967893600463867e-01 1.710086315870285034e-02
4.650618433952331543e-01 6.669064760208129883e-01 5.601477622985839844e-02
4.381233453750610352e-01 7.094110250473022461e-01 2.990996651351451874e-02
4.716529846191406250e-01 6.769749522209167480e-01 8.645711839199066162e-02
4.187887310981750488e-01 6.803138256072998047e-01 4.316423088312149048e-03
3.729814291000366211e-01 5.846858620643615723e-01 -2.355767600238323212e-02
3.729155659675598145e-01 6.383324265480041504e-01 -4.706828668713569641e-02
3.801511824131011963e-01 6.409735679626464844e-01 -3.326219692826271057e-02
3.681764006614685059e-01 6.275022029876708984e-01 -5.598497018218040466e-02
3.814226090908050537e-01 5.037329792976379395e-01 -9.761800989508628845e-03
4.014761149883270264e-01 4.937133193016052246e-01 -1.166064850986003876e-02
4.185550212860107422e-01 4.918308854103088379e-01 -1.021495647728443146e-02
4.326271712779998779e-01 4.942077100276947021e-01 -4.466938320547342300e-03
4.423489570617675781e-01 5.010604262351989746e-01 3.824574174359440804e-03
4.497663974761962891e-01 5.292937755584716797e-01 2.406795509159564972e-02
4.856210649013519287e-01 5.676187276840209961e-01 8.338879048824310303e-02
4.404920935630798340e-01 5.547670125961303711e-01 1.556225121021270752e-02
4.280039668083190918e-01 5.608281493186950684e-01 8.362732827663421631e-03
4.113757610321044922e-01 5.616428852081298828e-01 3.173361066728830338e-03
3.956637680530548096e-01 5.582382678985595703e-01 5.112939470564015210e-05
3.837819993495941162e-01 5.529793500900268555e-01 -4.393873095978051424e-04
3.757014870643615723e-01 5.477246046066284180e-01 -1.932846964336931705e-03
4.847563207149505615e-01 5.641716122627258301e-01 1.305142045021057129e-01
3.795416653156280518e-01 6.447749137878417969e-01 -2.687958255410194397e-02
3.655167520046234131e-01 5.908974409103393555e-01 -4.144166409969329834e-02
3.649903535842895508e-01 6.403903365135192871e-01 -5.650157108902931213e-02
3.582783937454223633e-01 6.481075286865234375e-01 -5.112549290060997009e-02
3.646832704544067383e-01 6.425151824951171875e-01 -5.047438666224479675e-02
3.761750757694244385e-01 6.496104598045349121e-01 -2.254979126155376434e-02
3.563414216041564941e-01 6.501572728157043457e-01 -5.424897000193595886e-02
3.550200164318084717e-01 6.527683734893798828e-01 -3.954860940575599670e-02
3.759476244449615479e-01 5.340536236763000488e-01 2.727298764511942863e-03
3.692876696586608887e-01 5.384772419929504395e-01 -4.345713648945093155e-03
3.657643198966979980e-01 5.419790744781494141e-01 -1.208406314253807068e-02
4.336453974246978760e-01 5.252991318702697754e-01 1.022432837635278702e-02
4.399569034576416016e-01 5.171146988868713379e-01 1.083511859178543091e-02
