3.728751838207244873e-01 6.076204180717468262e-01 -3.468194231390953064e-02
3.729891479015350342e-01 5.521662235260009766e-01 -6.741338968276977539e-02
3.739928901195526123e-01 5.686454772949218750e-01 -3.428300842642784119e-02
3.647190928459167480e-01 4.857657551765441895e-01 -5.112325400114059448e-02
3.733080923557281494e-01 5.327318906784057617e-01 -7.224335521459579468e-02
3.743652999401092529e-01 5.060924887657165527e-01 -6.756146252155303955e-02
3.779112994670867920e-01 4.407711625099182129e-01 -3.403712809085845947e-02
2.866027653217315674e-01 4.246076345443725586e-01 1.934534683823585510e-02
3.797371089458465576e-01 3.870289027690887451e-01 -2.591332979500293732e-02
3.804228901863098145e-01 3.602695763111114502e-01 -2.935973182320594788e-02
3.836721777915954590e-01 2.762421965599060059e-01 -1.831028796732425690e-02
3.727463483810424805e-01 6.162042021751403809e-01 -3.276570886373519897e-02
3.728016018867492676e-01 6.222666501998901367e-01 -2.803960256278514862e-02
3.731346130371093750e-01 6.244682073593139648e-01 -2.214703708887100220e-02
3.732191026210784912e-01 6.291238069534301758e-01 -2.059998922049999237e-02
3.729791641235351562e-01 6.364483237266540527e-01 -2.233793772757053375e-02
3.728106915950775146e-01 6.455041170120239258e-01 -2.472901344299316406e-02
3.727482557296752930e-01 6.544333696365356445e-01 -2.248613350093364716e-02
3.730829954147338867e-01 6.675496101379394531e-01 -9.637552313506603241e-03
3.731033205986022949e-01 5.613213181495666504e-01 -6.065390631556510925e-02
3.625315427780151367e-01 5.580759048461914062e-01 -4.263246804475784302e-02
2.451899200677871704e-01 3.489779829978942871e-01 8.178351074457168579e-02
3.237009644508361816e-01 4.461150169372558594e-01 4.218946676701307297e-03
3.108174800872802734e-01 4.463669657707214355e-01 5.919816903769969940e-03
2.985814809799194336e-01 4.442585706710815430e-01 1.023516803979873657e-02
2.828281521797180176e-01 4.309673905372619629e-01 2.192448452115058899e-02
3.344592452049255371e-01 4.422383904457092285e-01 5.494012031704187393e-03
3.071084618568420410e-01 3.939459323883056641e-01 -3.088729135924950242e-05
3.210957348346710205e-01 3.969076573848724365e-01 -9.911041706800460815e-04
2.941661477088928223e-01 3.956934213638305664e-01 5.065103061497211456e-03
2.854898869991302490e-01 4.017479121685028076e-01 1.071162335574626923e-02
2.728855013847351074e-01 4.431301653385162354e-01 2.936281263828277588e-02
3.279262483119964600e-01 6.880468726158142090e-01 7.672718260437250137e-03
2.823462784290313721e-01 4.186852574348449707e-01 2.392214350402355194e-02
2.385445237159729004e-01 4.278926253318786621e-01 8.880334347486495972e-02
2.594369649887084961e-01 4.272235035896301270e-01 4.287945479154586792e-02
3.137364685535430908e-01 5.246446132659912109e-01 -5.916190333664417267e-03
3.584661781787872314e-01 6.038631796836853027e-01 -3.242781385779380798e-02
3.609483242034912109e-01 6.209412217140197754e-01 -2.578575164079666138e-02
3.441534042358398438e-01 6.082505583763122559e-01 -2.439628913998603821e-02
3.356252312660217285e-01 6.142072081565856934e-01 -1.541351154446601868e-02
3.509700894355773926e-01 6.211636066436767578e-01 -2.078772336244583130e-02
3.432135283946990967e-01 6.221172809600830078e-01 -1.251406595110893250e-02
3.207718729972839355e-01 6.366512179374694824e-01 4.905710928142070770e-03
3.626106679439544678e-01 5.508209466934204102e-01 -6.604145467281341553e-02
3.611369431018829346e-01 5.319336652755737305e-01 -7.027465105056762695e-02
2.661672830581665039e-01 3.774885535240173340e-01 1.661369390785694122e-02
3.396158814430236816e-01 4.794083237648010254e-01 -9.382294490933418274e-03
3.360998630523681641e-01 5.414731502532958984e-01 -3.345145657658576965e-02
3.357185721397399902e-01 5.306063294410705566e-01 -2.982972748577594757e-02
2.768101692199707031e-01 5.181410908699035645e-01 1.254736073315143585e-02
3.628082871437072754e-01 5.072539448738098145e-01 -6.302511692047119141e-02
2.943393290042877197e-01 3.580617904663085938e-01 -7.239850237965583801e-03
2.776669859886169434e-01 3.638400435447692871e-01 4.161211661994457245e-03
2.566706240177154541e-01 3.174059092998504639e-01 5.462073162198066711e-02
3.505300283432006836e-01 3.788846135139465332e-01 -2.088536694645881653e-02
3.332235813140869141e-01 4.049025774002075195e-01 2.226185984909534454e-03
3.117358088493347168e-01 6.204158067703247070e-01 8.188993670046329498e-03
2.548096179962158203e-01 5.928261280059814453e-01 1.275303363800048828e-01
3.451525270938873291e-01 5.524689555168151855e-01 -2.890075370669364929e-02
3.550561964511871338e-01 5.587148666381835938e-01 -3.004109486937522888e-02
3.265435397624969482e-01 6.229036450386047363e-01 5.584234837442636490e-03
3.318704962730407715e-01 6.220825910568237305e-01 1.359273679554462433e-03
2.706729769706726074e-01 3.504287600517272949e-01 1.006960775703191757e-02
3.361659348011016846e-01 5.490623712539672852e-01 -2.617849595844745636e-02
3.176648914813995361e-01 3.611727356910705566e-01 -1.613412052392959595e-02
3.155134320259094238e-01 3.454844355583190918e-01 -1.920790597796440125e-02
3.075949847698211670e-01 2.796053290367126465e-01 1.241183956153690815e-03
2.632862031459808350e-01 3.341489732265472412e-01 2.860963717103004456e-02
3.127040565013885498e-01 3.130054473876953125e-01 -1.029106229543685913e-02
2.588639855384826660e-01 3.682726025581359863e-01 2.785736694931983948e-02
2.516390681266784668e-01 3.601597547531127930e-01 5.251862853765487671e-02
3.593452274799346924e-01 6.139703989028930664e-01 -3.067943640053272247e-02
3.477985262870788574e-01 6.164416670799255371e-01 -2.333702892065048218e-02
3.394176661968231201e-01 6.186566352844238281e-01 -1.512562390416860580e-02
3.483377099037170410e-01 5.557842254638671875e-01 -2.592655457556247711e-02
3.293879032135009766e-01 6.228221058845520020e-01 3.419829765334725380e-03
3.336316645145416260e-01 6.260203123092651367e-01 -4.686994943767786026e-03
3.328717947006225586e-01 6.207813620567321777e-01 1.072465209290385246e-03
3.506990969181060791e-01 5.480698347091674805e-01 -4.669354110956192017e-02
3.459615111351013184e-01 6.208618283271789551e-01 -1.044433750212192535e-02
3.537837862968444824e-01 6.217184066772460938e-01 -1.583755575120449066e-02
3.629083931446075439e-01 6.230582594871520996e-01 -2.031336538493633270e-02
3.575923442840576172e-01 6.663093566894531250e-01 -8.718485943973064423e-03
3.583577573299407959e-01 6.520429849624633789e-01 -2.140364795923233032e-02
3.590983450412750244e-01 6.423422098159790039e-01 -2.320719137787818909e-02
3.602410852909088135e-01 6.338480114936828613e-01 -2.066335454583168030e-02
3.615982234477996826e-01 6.277487277984619141e-01 -1.882457174360752106e-02
3.435831069946289062e-01 6.243266463279724121e-01 -9.662849828600883484e-03
3.417046666145324707e-01 6.262958049774169922e-01 -1.169602945446968079e-02
3.390386402606964111e-01 6.304660439491271973e-01 -1.362194679677486420e-02
3.365179598331451416e-01 6.357380151748657227e-01 -1.123128738254308701e-02
3.242951631546020508e-01 5.926957130432128906e-01 -1.123084872961044312e-02
2.414431124925613403e-01 5.039111971855163574e-01 1.450362056493759155e-01
3.735731542110443115e-01 5.640788674354553223e-01 -4.340503737330436707e-02
3.386273980140686035e-01 6.232267618179321289e-01 -3.698773682117462158e-03
3.363168239593505859e-01 6.241305470466613770e-01 -4.921241663396358490e-03
3.589891195297241211e-01 5.671897530555725098e-01 -3.038419969379901886e-02
3.405264914035797119e-01 5.600576996803283691e-01 -1.688508875668048859e-02
3.570879101753234863e-01 5.631853342056274414e-01 -3.043281100690364838e-02
3.265224993228912354e-01 4.892500638961791992e-01 -4.084198735654354095e-03
3.056334257125854492e-01 4.998988509178161621e-01 1.104945782572031021e-03
3.340128362178802490e-01 5.381182432174682617e-01 -2.231213077902793884e-02
2.760856747627258301e-01 2.935605049133300781e-01 2.613821439445018768e-02
2.822839021682739258e-01 3.172587752342224121e-01 8.066182024776935577e-03
2.896781861782073975e-01 3.424997627735137939e-01 -5.655532702803611755e-03
3.300325870513916016e-01 6.476509571075439453e-01 -1.180681167170405388e-03
3.468061387538909912e-01 3.531273603439331055e-01 -2.654271572828292847e-02
3.449747562408447266e-01 3.162503838539123535e-01 -2.139230445027351379e-02
3.424134850502014160e-01 2.750642895698547363e-01 -1.398112997412681580e-02
2.883722782135009766e-01 4.391947984695434570e-01 1.648399978876113892e-02
2.594229280948638916e-01 4.557417631149291992e-01 3.706007450819015503e-02
3.413875102996826172e-01 4.378262162208557129e-01 6.905728485435247421e-03
2.723942995071411133e-01 4.052105247974395752e-01 2.300796099007129669e-02
3.483849167823791504e-01 4.678066968917846680e-01 -1.437850482761859894e-02
3.428117036819458008e-01 5.358772277832031250e-01 -4.646513238549232483e-02
2.466872781515121460e-01 4.661978781223297119e-01 5.266769230365753174e-02
2.674792408943176270e-01 4.710578322410583496e-01 2.499611303210258484e-02
2.836566865444183350e-01 4.802690744400024414e-01 1.214200537651777267e-02
3.081026971340179443e-01 4.790559709072113037e-01 5.710122641175985336e-03
3.259818553924560547e-01 4.725208282470703125e-01 1.820080098696053028e-03
3.392002582550048828e-01 4.647101163864135742e-01 -2.334488788619637489e-03
3.655805885791778564e-01 4.444331526756286621e-01 -2.853792533278465271e-02
2.489810287952423096e-01 5.056683421134948730e-01 4.971261695027351379e-02
2.621039748191833496e-01 4.003720283508300781e-01 2.969458326697349548e-02
3.669721186161041260e-01 5.598731637001037598e-01 -5.965554714202880859e-02
3.406112194061279297e-01 4.990841150283813477e-01 -1.458659768104553223e-02
2.375125735998153687e-01 4.240910112857818604e-01 1.329720616340637207e-01
3.491593599319458008e-01 4.552477002143859863e-01 -4.734068643301725388e-03
3.333496749401092529e-01 5.384259223937988281e-01 -9.734514169394969940e-03
2.789264917373657227e-01 4.192462861537933350e-01 2.689853683114051819e-02
3.429569005966186523e-01 5.227168202400207520e-01 -4.192339628934860229e-02
2.457361817359924316e-01 5.473032593727111816e-01 1.400151997804641724e-01
3.415629267692565918e-01 4.302286505699157715e-01 9.910514578223228455e-03
3.523597419261932373e-01 5.127805471420288086e-01 -5.484990403056144714e-02
2.787539362907409668e-01 6.421375274658203125e-01 5.636074021458625793e-02
2.802650630474090576e-01 6.583049297332763672e-01 8.145315945148468018e-02
2.391269505023956299e-01 5.050123929977416992e-01 9.741071611642837524e-02
2.641527652740478516e-01 6.163789033889770508e-01 7.314956188201904297e-02
2.447929084300994873e-01 3.916091322898864746e-01 7.431306689977645874e-02
3.253071308135986328e-01 7.027955055236816406e-01 1.648830063641071320e-02
3.687819838523864746e-01 5.629428029060363770e-01 -4.240016639232635498e-02
3.293843567371368408e-01 5.117712616920471191e-01 -9.298481978476047516e-03
2.490604072809219360e-01 4.294506907463073730e-01 5.647802352905273438e-02
2.991310358047485352e-01 4.330691695213317871e-01 1.089966204017400742e-02
3.103206753730773926e-01 4.360974431037902832e-01 7.267110981047153473e-03
3.305894136428833008e-01 6.290457248687744141e-01 -2.294723642989993095e-03
2.526804208755493164e-01 5.414023399353027344e-01 5.431783571839332581e-02
3.469058573246002197e-01 7.265017032623291016e-01 2.049080468714237213e-02
3.123989403247833252e-01 6.996553540229797363e-01 4.666434228420257568e-02
2.976504564285278320e-01 6.827825307846069336e-01 6.160719320178031921e-02
3.819548487663269043e-01 3.202889263629913330e-01 -2.547917515039443970e-02
3.723300993442535400e-01 7.320780158042907715e-01 1.576704159379005432e-02
3.214073181152343750e-01 4.359644949436187744e-01 6.360629573464393616e-03
3.317193388938903809e-01 4.336993694305419922e-01 7.703914307057857513e-03
3.383633494377136230e-01 4.320973753929138184e-01 1.011097338050603867e-02
2.534480392932891846e-01 3.954976499080657959e-01 4.333824664354324341e-02
3.308181762695312500e-01 4.155086874961853027e-01 4.988857079297304153e-03
3.196791410446166992e-01 4.087699353694915771e-01 3.598855342715978622e-03
3.079715073108673096e-01 4.064251780509948730e-01 4.637608304619789124e-03
2.963188886642456055e-01 4.082172513008117676e-01 8.501642383635044098e-03
2.892125248908996582e-01 4.125199615955352783e-01 1.308317296206951141e-02
2.390846610069274902e-01 3.825720548629760742e-01 1.104861721396446228e-01
2.916589081287384033e-01 4.288894832134246826e-01 1.555877923965454102e-02
3.737974762916564941e-01 5.801720619201660156e-01 -3.131798654794692993e-02
3.345293104648590088e-01 5.842084884643554688e-01 -1.776412688195705414e-02
3.446986377239227295e-01 5.499873757362365723e-01 -3.369115665555000305e-02
3.572191298007965088e-01 5.808400511741638184e-01 -2.965336851775646210e-02
3.791635334491729736e-01 4.137318432331085205e-01 -2.532361447811126709e-02
2.941701412200927734e-01 6.660436987876892090e-01 4.360285028815269470e-02
3.092599213123321533e-01 6.842230558395385742e-01 3.075576387345790863e-02
3.457905352115631104e-01 7.175690531730651855e-01 3.862688317894935608e-03
2.666195333003997803e-01 6.302901506423950195e-01 1.061114966869354248e-01
3.383025527000427246e-01 4.244754612445831299e-01 7.951144129037857056e-03
3.560868203639984131e-01 4.750506877899169922e-01 -3.219823539257049561e-02
3.721981942653656006e-01 7.221866846084594727e-01 -3.852853260468691587e-04
3.282008171081542969e-01 7.148849964141845703e-01 3.108288533985614777e-02
2.440029084682464600e-01 5.445849895477294922e-01 9.599997103214263916e-02
3.516286611557006836e-01 6.257679462432861328e-01 -1.462736446410417557e-02
3.496916294097900391e-01 6.298757791519165039e-01 -1.691303029656410217e-02
3.476580083370208740e-01 6.363931894302368164e-01 -1.904734037816524506e-02
3.459863066673278809e-01 6.448290944099426270e-01 -1.718712225556373596e-02
3.422674536705017090e-01 6.581093668937683105e-01 -6.645433139055967331e-03
3.365548551082611084e-01 6.223326325416564941e-01 -5.119521636515855789e-03
3.328819870948791504e-01 6.211254000663757324e-01 -4.989296663552522659e-03
3.293407857418060303e-01 6.183785200119018555e-01 -5.052279215306043625e-03
3.159406483173370361e-01 6.055614948272705078e-01 -2.022868720814585686e-03
2.685626745223999023e-01 5.546812415122985840e-01 2.718918211758136749e-02
3.571140468120574951e-01 4.549289047718048096e-01 -2.062038704752922058e-02
3.516328930854797363e-01 4.163369834423065186e-01 -1.648835313972085714e-04
3.439280390739440918e-01 4.196478426456451416e-01 5.328376311808824539e-03
3.391824364662170410e-01 6.199638843536376953e-01 -3.864441765472292900e-03
2.687187194824218750e-01 5.950304865837097168e-01 4.734571278095245361e-02
3.624356389045715332e-01 4.154071807861328125e-01 -1.631055399775505066e-02
3.346925675868988037e-01 6.728892326354980469e-01 1.304058707319200039e-03
3.755933344364166260e-01 4.838193058967590332e-01 -5.604882910847663879e-02
3.647533357143402100e-01 4.662396907806396484e-01 -4.128983989357948303e-02
3.767015635967254639e-01 4.631636738777160645e-01 -4.481533169746398926e-02
3.471213281154632568e-01 5.049286484718322754e-01 -3.130035474896430969e-02
3.724297583103179932e-01 7.062498331069946289e-01 -8.005927316844463348e-03
3.728453516960144043e-01 6.857107877731323242e-01 -8.461330085992813110e-03
3.529843688011169434e-01 6.836551427841186523e-01 -5.505169741809368134e-03
3.076717257499694824e-01 6.408923268318176270e-01 1.368074398487806320e-02
3.225195705890655518e-01 5.513231754302978516e-01 -6.166808772832155228e-03
3.200078308582305908e-01 6.589130759239196777e-01 7.746129762381315231e-03
2.942763864994049072e-01 5.437560677528381348e-01 3.917391877621412277e-04
3.110437691211700439e-01 5.674141645431518555e-01 -3.658133093267679214e-03
2.845834195613861084e-01 5.709481835365295410e-01 1.112467888742685318e-02
3.479185998439788818e-01 7.028419375419616699e-01 -3.672928083688020706e-03
3.403610289096832275e-01 5.147274136543273926e-01 -2.175166644155979156e-02
2.972630560398101807e-01 6.502138376235961914e-01 2.743457630276679993e-02
3.126388192176818848e-01 6.697661876678466797e-01 1.918980479240417480e-02
2.982091903686523438e-01 6.195158362388610840e-01 1.524086389690637589e-02
2.570715546607971191e-01 5.713014006614685059e-01 5.932651087641716003e-02
2.832992076873779297e-01 6.174743771553039551e-01 2.908954769372940063e-02
2.513660192489624023e-01 5.813947916030883789e-01 9.077825397253036499e-02
3.021837174892425537e-01 5.897086262702941895e-01 3.060388145968317986e-03
3.485307693481445312e-01 4.867989718914031982e-01 -2.279699780046939850e-02
3.466929793357849121e-01 5.448933839797973633e-01 -4.922302067279815674e-02
3.396843969821929932e-01 5.481321811676025391e-01 -3.491709381341934204e-02
3.510930836200714111e-01 5.330600142478942871e-01 -5.863701552152633667e-02
3.409502804279327393e-01 3.974511325359344482e-01 -4.200544673949480057e-03
3.200941681861877441e-01 3.847907185554504395e-01 -5.117375869303941727e-03
3.022182881832122803e-01 3.815279901027679443e-01 -2.836226718500256538e-03
2.874560356140136719e-01 3.834715187549591064e-01 3.377215238288044930e-03
2.775524854660034180e-01 3.908194303512573242e-01 1.205001026391983032e-02
2.705492973327636719e-01 4.233086705207824707e-01 3.274260461330413818e-02
2.368559390306472778e-01 4.661461710929870605e-01 9.381911903619766235e-02
2.794933319091796875e-01 4.523938894271850586e-01 2.211271226406097412e-02
2.922795116901397705e-01 4.598028659820556641e-01 1.372223440557718277e-02
3.091224431991577148e-01 4.611891508102416992e-01 7.671260740607976913e-03
3.251710236072540283e-01 4.581500291824340820e-01 4.053279757499694824e-03
3.376625776290893555e-01 4.527824521064758301e-01 3.360080765560269356e-03
3.462765812873840332e-01 4.471777677536010742e-01 1.925301272422075272e-03
2.394606173038482666e-01 4.635661840438842773e-01 1.433697789907455444e-01
3.403697907924652100e-01 5.525561571121215820e-01 -2.848599106073379517e-02
3.551617264747619629e-01 4.934233129024505615e-01 -4.179377853870391846e-02
3.544296622276306152e-01 5.471193790435791016e-01 -5.950952321290969849e-02
3.614708483219146729e-01 5.558281540870666504e-01 -5.438363179564476013e-02
3.549603223800659180e-01 5.495008826255798340e-01 -5.319372937083244324e-02
3.440491557121276855e-01 5.579104423522949219e-01 -2.415083348751068115e-02
3.634121417999267578e-01 5.581289529800415039e-01 -5.774866789579391479e-02
3.650238811969757080e-01 5.612030625343322754e-01 -4.251169413328170776e-02
3.460432589054107666e-01 4.320449829101562500e-01 7.811622228473424911e-03
3.532707393169403076e-01 4.370090067386627197e-01 -9.223540837410837412e-05
3.569768667221069336e-01 4.406493008136749268e-01 -8.632657118141651154e-03
2.853105068206787109e-01 4.158406555652618408e-01 1.785966008901596069e-02
2.794362604618072510e-01 4.081937074661254883e-01 1.868896372616291046e-02
3.866606354713439941e-01 4.872556626796722412e-01 -5.218245834112167358e-02
4.736309647560119629e-01 4.384152591228485107e-01 1.132001448422670364e-02
3.851244747638702393e-01 5.597679018974304199e-01 -4.334382340312004089e-02
5.263266563415527344e-01 3.658086955547332764e-01 6.964711099863052368e-02
4.351530969142913818e-01 4.541299045085906982e-01 -9.454542305320501328e-04
4.482486546039581299e-01 4.560680091381072998e-01 -1.980570377781987190e-04
4.608408808708190918e-01 4.555071592330932617e-01 3.132696496322751045e-03
4.778226017951965332e-01 4.451128542423248291e-01 1.354064140468835831e-02
4.242424964904785156e-01 4.488511085510253906e-01 1.395532162860035896e-03
4.542589187622070312e-01 4.051301479339599609e-01 -6.701150443404912949e-03
4.400525689125061035e-01 4.057451188564300537e-01 -6.196147296577692032e-03
4.672349989414215088e-01 4.088958203792572021e-01 -2.531926147639751434e-03
4.758350253105163574e-01 4.160825908184051514e-01 2.499081892892718315e-03
4.881851971149444580e-01 4.576251506805419922e-01 2.019724808633327484e-02
4.196231365203857422e-01 6.951243281364440918e-01 4.298545885831117630e-03
4.784761667251586914e-01 4.333590567111968994e-01 1.547641400247812271e-02
5.291507244110107422e-01 4.457087516784667969e-01 7.628144323825836182e-02
5.038883090019226074e-01 4.434269368648529053e-01 3.273294493556022644e-02
4.401496648788452148e-01 5.329033136367797852e-01 -1.083968207240104675e-02
3.878720700740814209e-01 6.059016585350036621e-01 -3.352326527237892151e-02
3.851743340492248535e-01 6.226646900177001953e-01 -2.686152420938014984e-02
4.031206965446472168e-01 6.125045418739318848e-01 -2.681458927690982819e-02
4.124969840049743652e-01 6.194891929626464844e-01 -1.874287799000740051e-02
3.961104154586791992e-01 6.244702935218811035e-01 -2.291582338511943817e-02
4.045726358890533447e-01 6.262933015823364258e-01 -1.535757817327976227e-02
4.291404187679290771e-01 6.441338658332824707e-01 3.650555154308676720e-04
3.836512565612792969e-01 5.521897077560424805e-01 -6.659691780805587769e-02
3.858431875705718994e-01 5.334832072257995605e-01 -7.111303508281707764e-02
4.971926510334014893e-01 3.945593833923339844e-01 6.905820686370134354e-03
4.162912964820861816e-01 4.845510721206665039e-01 -1.253955252468585968e-02
4.138642251491546631e-01 5.470297932624816895e-01 -3.615561127662658691e-02
4.153479039669036865e-01 5.361941456794738770e-01 -3.274582326412200928e-02
4.798889756202697754e-01 5.312507748603820801e-01 4.098532255738973618e-03
3.862495422363281250e-01 5.087293386459350586e-01 -6.402330100536346436e-02
4.678411781787872314e-01 3.715059757232666016e-01 -1.409766823053359985e-02
4.851794242858886719e-01 3.797931671142578125e-01 -4.410331137478351593e-03
5.143305063247680664e-01 3.330259919166564941e-01 4.364052042365074158e-02
4.094598293304443359e-01 3.832493722438812256e-01 -2.320542372763156891e-02
4.275184571743011475e-01 4.117763638496398926e-01 -1.926607103087007999e-03
4.389649331569671631e-01 6.290814876556396484e-01 2.606179099529981613e-03
5.077222585678100586e-01 6.106393933296203613e-01 1.166496574878692627e-01
4.042534828186035156e-01 5.569097995758056641e-01 -3.083123825490474701e-02
3.937328755855560303e-01 5.616095066070556641e-01 -3.098143823444843292e-02
4.234522283077239990e-01 6.294960975646972656e-01 8.720202604308724403e-04
4.179195761680603027e-01 6.277567744255065918e-01 -2.810234203934669495e-03
4.933907687664031982e-01 3.673263788223266602e-01 1.047145342454314232e-03
4.141164720058441162e-01 5.546234846115112305e-01 -2.887651883065700531e-02
4.435700476169586182e-01 3.706610798835754395e-01 -2.078329585492610931e-02
4.465432167053222656e-01 3.552903532981872559e-01 -2.392248995602130890e-02
4.610382318496704102e-01 2.887537479400634766e-01 -5.296438466757535934e-03
5.039870738983154297e-01 3.501586318016052246e-01 1.871857605874538422e-02
4.524567425251007080e-01 3.222221732139587402e-01 -1.578277908265590668e-02
5.060433149337768555e-01 3.859148621559143066e-01 1.749815605580806732e-02
5.163670182228088379e-01 3.772758841514587402e-01 4.128656163811683655e-02
3.866649270057678223e-01 6.159526109695434570e-01 -3.179023414850234985e-02
3.990933299064636230e-01 6.201917529106140137e-01 -2.561380527913570404e-02
4.084624052047729492e-01 6.233441233634948730e-01 -1.820525154471397400e-02
4.009842276573181152e-01 5.596768856048583984e-01 -2.761886827647686005e-02
4.203591644763946533e-01 6.288922429084777832e-01 -1.078873290680348873e-03
4.155839979648590088e-01 6.313494443893432617e-01 -8.465953171253204346e-03
4.168393909931182861e-01 6.264658570289611816e-01 -3.030390711501240730e-03
3.975974321365356445e-01 5.515807271003723145e-01 -4.861479625105857849e-02
4.023312926292419434e-01 6.246246695518493652e-01 -1.326638180762529373e-02
3.937355279922485352e-01 6.244967579841613770e-01 -1.777334697544574738e-02
3.837931156158447266e-01 6.245003938674926758e-01 -2.136143669486045837e-02
3.889996409416198730e-01 6.685992479324340820e-01 -9.902913123369216919e-03
3.876866102218627930e-01 6.541799306869506836e-01 -2.256271056830883026e-02
3.870741724967956543e-01 6.443663239479064941e-01 -2.426861599087715149e-02
3.862715363502502441e-01 6.356785297393798828e-01 -2.176758274435997009e-02
3.854164183139801025e-01 6.293993592262268066e-01 -1.982922293245792389e-02
4.052305817604064941e-01 6.282265186309814453e-01 -1.238358672708272934e-02
4.068613648414611816e-01 6.304755210876464844e-01 -1.445874664932489395e-02
4.092742800712585449e-01 6.350917220115661621e-01 -1.640357822179794312e-02
4.116623997688293457e-01 6.408138275146484375e-01 -1.419936772435903549e-02
4.252666831016540527e-01 5.995308160781860352e-01 -1.516769174486398697e-02
5.262484550476074219e-01 5.219469070434570312e-01 1.324566304683685303e-01
4.107213914394378662e-01 6.278900504112243652e-01 -7.121638860553503036e-03
4.128989577293395996e-01 6.291129589080810547e-01 -8.509885519742965698e-03
3.893244862556457520e-01 5.693073868751525879e-01 -3.137349709868431091e-02
4.095101952552795410e-01 5.649237632751464844e-01 -1.909383572638034821e-02
3.913741111755371094e-01 5.656158924102783203e-01 -3.144471719861030579e-02
4.295009970664978027e-01 4.959971010684967041e-01 -8.450966328382492065e-03
4.504469335079193115e-01 5.092383623123168945e-01 -4.808097146451473236e-03
4.172234833240509033e-01 5.439618229866027832e-01 -2.541507966816425323e-02
4.938630163669586182e-01 3.065281510353088379e-01 1.696327514946460724e-02
4.841706752777099609e-01 3.308271169662475586e-01 -1.557527866680175066e-05
4.735215008258819580e-01 3.563896119594573975e-01 -1.290802471339702606e-02
4.188288450241088867e-01 6.538665294647216797e-01 -4.988384433090686798e-03
4.143921136856079102e-01 3.581449985504150391e-01 -2.903651259839534760e-02
4.192908406257629395e-01 3.209797143936157227e-01 -2.427349984645843506e-02
4.254569709300994873e-01 2.799044847488403320e-01 -1.725197024643421173e-02
4.716033935546875000e-01 4.521229565143585205e-01 8.558310568332672119e-03
5.021697282791137695e-01 4.713569879531860352e-01 2.711951173841953278e-02
4.172642529010772705e-01 4.435155689716339111e-01 3.343121381476521492e-03
4.899474382400512695e-01 4.210900068283081055e-01 1.366367284208536148e-02
4.076421856880187988e-01 4.718917906284332275e-01 -1.695336401462554932e-02
4.063023328781127930e-01 5.404494404792785645e-01 -4.868617653846740723e-02
5.158729553222656250e-01 4.832492768764495850e-01 4.126927629113197327e-02
4.921316504478454590e-01 4.853416085243225098e-01 1.564693637192249298e-02
4.745190739631652832e-01 4.923285841941833496e-01 4.136731382459402084e-03
4.493484199047088623e-01 4.882040917873382568e-01 -4.000884655397385359e-04
4.313228726387023926e-01 4.795517325401306152e-01 -2.788383048027753830e-03
4.180707037448883057e-01 4.700618088245391846e-01 -5.762702319771051407e-03
3.904209733009338379e-01 4.461770951747894287e-01 -2.970593795180320740e-02
5.113865733146667480e-01 5.226150155067443848e-01 3.841735795140266418e-02
5.015285611152648926e-01 4.169782996177673340e-01 1.972216553986072540e-02
3.794619143009185791e-01 5.607469081878662109e-01 -6.008569151163101196e-02
4.135366082191467285e-01 5.040529370307922363e-01 -1.768261007964611053e-02
5.336189270019531250e-01 4.418047666549682617e-01 1.198268383741378784e-01
4.081749618053436279e-01 4.594247043132781982e-01 -7.414116058498620987e-03
4.186792671680450439e-01 5.443109869956970215e-01 -1.285911165177822113e-02
4.823904931545257568e-01 4.344092607498168945e-01 1.806260086596012115e-02
4.074962437152862549e-01 5.272234678268432617e-01 -4.426067322492599487e-02
5.195410847663879395e-01 5.656170845031738281e-01 1.281424462795257568e-01
4.176555871963500977e-01 4.361670911312103271e-01 6.125623825937509537e-03
3.974138498306274414e-01 5.158181190490722656e-01 -5.657433345913887024e-02
4.759871959686279297e-01 6.569373607635498047e-01 4.811058938503265381e-02
4.754237532615661621e-01 6.732216477394104004e-01 7.296681404113769531e-02
5.247883200645446777e-01 5.234423875808715820e-01 8.518370240926742554e-02
4.932927489280700684e-01 6.330081224441528320e-01 6.357730925083160400e-02
5.233635306358337402e-01 4.088138341903686523e-01 6.243443861603736877e-02
4.220156073570251465e-01 7.104350924491882324e-01 1.273005548864603043e-02
3.785037994384765625e-01 5.636295676231384277e-01 -4.274511709809303284e-02
4.248251616954803467e-01 5.181127786636352539e-01 -1.301138103008270264e-02
5.155953168869018555e-01 4.464274048805236816e-01 4.521201550960540771e-02
4.602361917495727539e-01 4.446838200092315674e-01 3.966741729527711868e-03
4.488610923290252686e-01 4.460219740867614746e-01 1.137727755121886730e-03
4.186786711215972900e-01 6.349430084228515625e-01 -6.303991656750440598e-03
5.064418315887451172e-01 5.583750009536743164e-01 4.364730417728424072e-02
3.984408080577850342e-01 7.307929992675781250e-01 1.831986941397190094e-02
4.373703300952911377e-01 7.098840475082397461e-01 4.143946617841720581e-02
4.547842442989349365e-01 6.953928470611572266e-01 5.490110069513320923e-02
4.377413988113403320e-01 4.443975090980529785e-01 1.021831645630300045e-03
4.274506270885467529e-01 4.406992197036743164e-01 3.093845909461379051e-03
4.208598136901855469e-01 4.383664131164550781e-01 5.964686162769794464e-03
5.117850899696350098e-01 4.125685393810272217e-01 3.257565200328826904e-02
4.294730722904205322e-01 4.230355918407440186e-01 3.744953428395092487e-04
4.410479962825775146e-01 4.179855585098266602e-01 -1.943274866789579391e-03
4.526751637458801270e-01 4.175386130809783936e-01 -1.592418760992586613e-03
4.641887843608856201e-01 4.211258292198181152e-01 1.251697191037237644e-03
4.712379574775695801e-01 4.263118803501129150e-01 5.294650793075561523e-03
5.324892997741699219e-01 3.998409807682037354e-01 9.756373614072799683e-02
4.681212007999420166e-01 4.416632652282714844e-01 7.954781875014305115e-03
4.144825339317321777e-01 5.896620750427246094e-01 -2.071312814950942993e-02
4.045382738113403320e-01 5.544586777687072754e-01 -3.555630519986152649e-02
3.905445337295532227e-01 5.831516981124877930e-01 -3.085714951157569885e-02
4.579103887081146240e-01 6.788653731346130371e-01 3.692414239048957825e-02
4.405691027641296387e-01 6.947372555732727051e-01 2.564339898526668549e-02
3.992784023284912109e-01 7.218220233917236328e-01 1.624255906790494919e-03
4.923875331878662109e-01 6.468365788459777832e-01 9.626945853233337402e-02
4.212914109230041504e-01 4.308935999870300293e-01 3.753473749384284019e-03
3.977184891700744629e-01 4.779393672943115234e-01 -3.395311161875724792e-02
4.191429018974304199e-01 7.223830223083496094e-01 2.710172161459922791e-02
5.181305408477783203e-01 5.629836320877075195e-01 8.446275442838668823e-02
3.962618410587310791e-01 6.286917924880981445e-01 -1.669837720692157745e-02
3.979310393333435059e-01 6.330531835556030273e-01 -1.890601217746734619e-02
3.995994329452514648e-01 6.399301886558532715e-01 -2.117673493921756744e-02
4.010269045829772949e-01 6.486635804176330566e-01 -1.949747651815414429e-02
4.054823815822601318e-01 6.626018285751342773e-01 -9.330647997558116913e-03
4.123557806015014648e-01 6.273680925369262695e-01 -8.705398999154567719e-03
4.160090386867523193e-01 6.267606616020202637e-01 -9.019545279443264008e-03
4.198844432830810547e-01 6.244755983352661133e-01 -9.277394041419029236e-03
4.341323077678680420e-01 6.134620904922485352e-01 -7.077081128954887390e-03
4.878239035606384277e-01 5.693427324295043945e-01 1.816702447831630707e-02
3.989471793174743652e-01 4.577810168266296387e-01 -2.240419946610927582e-02
4.079276919364929199e-01 4.206460416316986084e-01 -2.481639618054032326e-03
4.157559573650360107e-01 4.250136017799377441e-01 1.725907670333981514e-03
4.098886549472808838e-01 6.247175335884094238e-01 -7.361751981079578400e-03
4.875386357307434082e-01 6.105224490165710449e-01 3.830260410904884338e-02
3.962860703468322754e-01 4.179192781448364258e-01 -1.788262277841567993e-02
4.132819771766662598e-01 6.788240671157836914e-01 -1.576602342538535595e-03
3.887463510036468506e-01 4.678960740566253662e-01 -4.221889004111289978e-02
4.051198065280914307e-01 5.089575648307800293e-01 -3.344088792800903320e-02
3.934021890163421631e-01 6.867992281913757324e-01 -6.987429223954677582e-03
4.428132176399230957e-01 6.506287455558776855e-01 8.481950499117374420e-03
4.292173683643341064e-01 5.583544373512268066e-01 -1.006887108087539673e-02
4.293615520000457764e-01 6.671160459518432617e-01 3.546404186636209488e-03
4.597393572330474854e-01 5.546398758888244629e-01 -6.142706144601106644e-03
4.404720664024353027e-01 5.759360790252685547e-01 -8.662431500852108002e-03
4.694335460662841797e-01 5.835629701614379883e-01 3.678483888506889343e-03
3.975647985935211182e-01 7.066226005554199219e-01 -5.628626327961683273e-03
4.123087823390960693e-01 5.197860002517700195e-01 -2.437287382781505585e-02
4.541347324848175049e-01 6.619666814804077148e-01 2.119701914489269257e-02
4.370949864387512207e-01 6.793397665023803711e-01 1.444128528237342834e-02
4.534463286399841309e-01 6.302915215492248535e-01 8.782089687883853912e-03
5.011736750602722168e-01 5.882238745689392090e-01 4.912771284580230713e-02
4.703231453895568848e-01 6.309714317321777344e-01 2.139493077993392944e-02
5.090295076370239258e-01 5.993246436119079590e-01 7.993683964014053345e-02
4.494293630123138428e-01 5.995025634765625000e-01 -2.810869598761200905e-03
4.055233299732208252e-01 4.907212853431701660e-01 -2.513860166072845459e-02
4.017191231250762939e-01 5.490055084228515625e-01 -5.134933441877365112e-02
4.097221791744232178e-01 5.532678961753845215e-01 -3.732378780841827393e-02
3.968406319618225098e-01 5.362603664398193359e-01 -6.016685813665390015e-02
4.192860722541809082e-01 4.033702611923217773e-01 -7.606605533510446548e-03
4.409554600715637207e-01 3.940343260765075684e-01 -1.012491993606090546e-02
4.593253433704376221e-01 3.935898542404174805e-01 -9.478086605668067932e-03
4.743192791938781738e-01 3.977161645889282227e-01 -4.564199130982160568e-03
4.846078753471374512e-01 4.063697457313537598e-01 3.215226111933588982e-03
4.916277825832366943e-01 4.387421011924743652e-01 2.341439761221408844e-02
5.290004014968872070e-01 4.844006896018981934e-01 8.113007992506027222e-02
4.805012345314025879e-01 4.658113718032836914e-01 1.353504881262779236e-02
4.668335020542144775e-01 4.712227284908294678e-01 6.295155268162488937e-03
4.493383169174194336e-01 4.706197977066040039e-01 1.519337994977831841e-03
4.329995810985565186e-01 4.655294418334960938e-01 -8.156557451002299786e-04
4.205594062805175781e-01 4.586485326290130615e-01 -2.387785498285666108e-04
4.119430780410766602e-01 4.519196748733520508e-01 -1.049071317538619041e-03
5.302160978317260742e-01 4.813686013221740723e-01 1.303195804357528687e-01
4.092304110527038574e-01 5.576016306877136230e-01 -3.074693307280540466e-02
3.966208994388580322e-01 4.961727857589721680e-01 -4.355502873659133911e-02
3.927490115165710449e-01 5.498561263084411621e-01 -6.085664406418800354e-02
3.857205510139465332e-01 5.576252937316894531e-01 -5.513140559196472168e-02
3.926644921302795410e-01 5.523529052734375000e-01 -5.454579368233680725e-02
4.056170582771301270e-01 5.624769926071166992e-01 -2.614431269466876984e-02
3.834626078605651855e-01 5.595229864120483398e-01 -5.844959616661071777e-02
3.824739456176757812e-01 5.625228881835937500e-01 -4.296826198697090149e-02
4.129075706005096436e-01 4.372653961181640625e-01 4.612405318766832352e-03
4.052662253379821777e-01 4.409778118133544922e-01 -2.485276898369193077e-03
4.008563160896301270e-01 4.438604116439819336e-01 -1.056915521621704102e-02
4.753082394599914551e-01 4.302058815956115723e-01 9.814481250941753387e-03
4.820617139339447021e-01 4.233600199222564697e-01 1.014869008213281631e-02
