4.060625135898590088e-01 7.686212062835693359e-01 -3.405177593231201172e-02
4.053594172000885010e-01 7.159298062324523926e-01 -6.409732997417449951e-02
4.062944054603576660e-01 7.324384450912475586e-01 -3.295476734638214111e-02
3.969725668430328369e-01 6.539614796638488770e-01 -4.809628427028656006e-02
4.055887460708618164e-01 6.973831653594970703e-01 -6.852298229932785034e-02
4.064009189605712891e-01 6.724372506141662598e-01 -6.385971605777740479e-02
4.092891514301300049e-01 6.122444868087768555e-01 -3.144916892051696777e-02
3.221156299114227295e-01 5.979676842689514160e-01 1.898915506899356842e-02
4.109945595264434814e-01 5.620631575584411621e-01 -2.331255190074443817e-02
4.116040766239166260e-01 5.367109775543212891e-01 -2.631139196455478668e-02
4.141571819782257080e-01 4.540657997131347656e-01 -1.467560231685638428e-02
4.060030579566955566e-01 7.769610881805419922e-01 -3.239742666482925415e-02
4.060596823692321777e-01 7.832745313644409180e-01 -2.800151705741882324e-02
4.063285887241363525e-01 7.859570384025573730e-01 -2.246413752436637878e-02
4.063871502876281738e-01 7.919989228248596191e-01 -2.112357877194881439e-02
4.062147438526153564e-01 7.993834614753723145e-01 -2.279599569737911224e-02
4.060532748699188232e-01 8.085978031158447266e-01 -2.493149600923061371e-02
4.060200154781341553e-01 8.177586197853088379e-01 -2.262389846146106720e-02
4.062173664569854736e-01 8.311508893966674805e-01 -1.013970095664262772e-02
4.054658114910125732e-01 7.249600291252136230e-01 -5.780038982629776001e-02
3.955755829811096191e-01 7.224636077880859375e-01 -4.077996313571929932e-02
2.837989926338195801e-01 5.260673165321350098e-01 7.889717817306518555e-02
3.572682738304138184e-01 6.177597641944885254e-01 4.737477749586105347e-03
3.451280593872070312e-01 6.180876493453979492e-01 6.246044766157865524e-03
3.335186839103698730e-01 6.163200736045837402e-01 1.031883247196674347e-02
3.183443248271942139e-01 6.040471196174621582e-01 2.130386233329772949e-02
3.673655688762664795e-01 6.141148805618286133e-01 5.961427465081214905e-03
3.419418632984161377e-01 5.685758590698242188e-01 9.581080521456897259e-04
3.550814986228942871e-01 5.715348720550537109e-01 1.609926985111087561e-04
3.296427726745605469e-01 5.699875354766845703e-01 5.664592143148183823e-03
3.213427364826202393e-01 5.757091641426086426e-01 1.096684765070676804e-02
3.088594675064086914e-01 6.156541705131530762e-01 2.816031873226165771e-02
3.626514077186584473e-01 8.514608740806579590e-01 5.623977165669202805e-03
3.180816769599914551e-01 5.925643444061279297e-01 2.335545606911182404e-02
2.763929367065429688e-01 6.021245121955871582e-01 8.439455926418304443e-02
2.963104546070098877e-01 6.008594632148742676e-01 4.107398167252540588e-02
3.480190038681030273e-01 6.924060583114624023e-01 -5.742414388805627823e-03
3.922272920608520508e-01 7.654192447662353516e-01 -3.184355422854423523e-02
3.946740031242370605e-01 7.824671268463134766e-01 -2.585933730006217957e-02
3.783589005470275879e-01 7.704477310180664062e-01 -2.434409223496913910e-02
3.701462745666503906e-01 7.769495844841003418e-01 -1.589682139456272125e-02
3.850548565387725830e-01 7.833043336868286133e-01 -2.111934870481491089e-02
3.777130842208862305e-01 7.848277091979980469e-01 -1.316542364656925201e-02
3.558323085308074951e-01 8.007560968399047852e-01 3.279454307630658150e-03
3.955861032009124756e-01 7.148225307464599609e-01 -6.282848119735717773e-02
3.940761089324951172e-01 6.967952251434326172e-01 -6.669667363166809082e-02
3.034645318984985352e-01 5.527197718620300293e-01 1.671406067907810211e-02
3.726366758346557617e-01 6.492500901222229004e-01 -8.517260663211345673e-03
3.702122271060943604e-01 7.073944211006164551e-01 -3.204453736543655396e-02
3.696047961711883545e-01 6.972383856773376465e-01 -2.851247414946556091e-02
3.122195601463317871e-01 6.871057748794555664e-01 1.152176037430763245e-02
3.954120576381683350e-01 6.737406253814697266e-01 -5.960548296570777893e-02
3.305369317531585693e-01 5.346438884735107422e-01 -5.722606088966131210e-03
3.145297765731811523e-01 5.397794246673583984e-01 4.982422571629285812e-03
2.948673367500305176e-01 4.954512119293212891e-01 5.363035202026367188e-02
3.833867013454437256e-01 5.548506379127502441e-01 -1.859997212886810303e-02
3.663803637027740479e-01 5.791065096855163574e-01 3.133086487650871277e-03
3.471598327159881592e-01 7.847439050674438477e-01 6.275070831179618835e-03
2.910401523113250732e-01 7.620714902877807617e-01 1.190552785992622375e-01
3.790281116962432861e-01 7.179102301597595215e-01 -2.776970528066158295e-02
3.886402845382690430e-01 7.236413955688476562e-01 -2.888308838009834290e-02
3.614878356456756592e-01 7.868729829788208008e-01 3.855085233226418495e-03
3.669321238994598389e-01 7.859537005424499512e-01 -4.359402737463824451e-05
3.081541657447814941e-01 5.269377827644348145e-01 1.074636261910200119e-02
3.703366219997406006e-01 7.148760557174682617e-01 -2.524278871715068817e-02
3.525362014770507812e-01 5.379334688186645508e-01 -1.408168300986289978e-02
3.505977094173431396e-01 5.228832364082336426e-01 -1.680755801498889923e-02
3.424685299396514893e-01 4.581647515296936035e-01 3.570917760953307152e-03
3.012478947639465332e-01 5.112377405166625977e-01 2.860308997333049774e-02
3.477088809013366699e-01 4.906286001205444336e-01 -7.767341099679470062e-03
2.965848147869110107e-01 5.440816283226013184e-01 2.738630399107933044e-02
2.899060845375061035e-01 5.363855361938476562e-01 5.100575089454650879e-02
3.931425511837005615e-01 7.752830982208251953e-01 -3.035128861665725708e-02
3.819548487663269043e-01 7.783896923065185547e-01 -2.347856573760509491e-02
3.738845586776733398e-01 7.812703847885131836e-01 -1.562718674540519714e-02
3.821580111980438232e-01 7.210879325866699219e-01 -2.498850598931312561e-02
3.643492162227630615e-01 7.867034673690795898e-01 1.837456249631941319e-03
3.684217631816864014e-01 7.899487614631652832e-01 -5.695522297173738480e-03
3.680140376091003418e-01 7.846582531929016113e-01 -3.348055179230868816e-04
3.841411173343658447e-01 7.131236791610717773e-01 -4.454439505934715271e-02
3.803689181804656982e-01 7.838299870491027832e-01 -1.129079144448041916e-02
3.877669870853424072e-01 7.841176986694335938e-01 -1.646933518350124359e-02
3.964828848838806152e-01 7.849582433700561523e-01 -2.070704661309719086e-02
3.912172913551330566e-01 8.299207687377929688e-01 -9.305323474109172821e-03
3.920641839504241943e-01 8.155273199081420898e-01 -2.153478376567363739e-02
3.928236365318298340e-01 8.057099580764770508e-01 -2.340341545641422272e-02
3.939384818077087402e-01 7.969596385955810547e-01 -2.107213996350765228e-02
3.952510058879852295e-01 7.908632159233093262e-01 -1.934372447431087494e-02
3.781295716762542725e-01 7.879352569580078125e-01 -1.043114252388477325e-02
3.762598633766174316e-01 7.900123596191406250e-01 -1.234729960560798645e-02
3.735702633857727051e-01 7.943005561828613281e-01 -1.412138901650905609e-02
3.710509240627288818e-01 7.997473478317260742e-01 -1.183028239756822586e-02
3.589867353439331055e-01 7.567794322967529297e-01 -1.168686617165803909e-02
2.783926129341125488e-01 6.761292219161987305e-01 1.366099268198013306e-01
4.058914780616760254e-01 7.278450727462768555e-01 -4.155748337507247925e-02
3.734610676765441895e-01 7.870248556137084961e-01 -4.720218945294618607e-03
3.711732327938079834e-01 7.879332304000854492e-01 -5.872399080544710159e-03
3.923322558403015137e-01 7.314954400062561035e-01 -2.930778451263904572e-02
3.745781779289245605e-01 7.254538536071777344e-01 -1.646963134407997131e-02
3.905556201934814453e-01 7.278350591659545898e-01 -2.931354381144046783e-02
3.600512742996215820e-01 6.586803197860717773e-01 -3.661460708826780319e-03
3.399933576583862305e-01 6.689762473106384277e-01 1.075136242434382439e-03
3.680629134178161621e-01 7.046285867691040039e-01 -2.146166376769542694e-02
3.130859732627868652e-01 4.722142219543457031e-01 2.691764384508132935e-02
3.192361593246459961e-01 4.948846101760864258e-01 9.387402795255184174e-03
3.262896835803985596e-01 5.196822881698608398e-01 -4.055162426084280014e-03
3.646158874034881592e-01 8.116597533226013184e-01 -2.397150034084916115e-03
3.799326717853546143e-01 5.302564501762390137e-01 -2.378968708217144012e-02
3.779371082782745361e-01 4.932875633239746094e-01 -1.818025484681129456e-02
3.751741051673889160e-01 4.532840251922607422e-01 -1.070994976907968521e-02
3.236882090568542480e-01 6.116651892662048340e-01 1.617379486560821533e-02
2.959834933280944824e-01 6.278468966484069824e-01 3.532143682241439819e-02
3.739092051982879639e-01 6.099148392677307129e-01 7.398012094199657440e-03
3.088555634021759033e-01 5.793379545211791992e-01 2.249813452363014221e-02
3.810559213161468506e-01 6.381595134735107422e-01 -1.314998697489500046e-02
3.764708042144775391e-01 7.015764117240905762e-01 -4.424583166837692261e-02
2.837378084659576416e-01 6.382164955139160156e-01 4.982917383313179016e-02
3.035285770893096924e-01 6.421256065368652344e-01 2.377287857234477997e-02
3.189013302326202393e-01 6.506491899490356445e-01 1.164389867335557938e-02
3.423377871513366699e-01 6.492234468460083008e-01 5.642719101160764694e-03
3.594583868980407715e-01 6.429309844970703125e-01 2.041115192696452141e-03
3.720898628234863281e-01 6.354457736015319824e-01 -1.738906488753855228e-03
3.975293040275573730e-01 6.159046888351440430e-01 -2.630511112511157990e-02
2.855080366134643555e-01 6.760909557342529297e-01 4.655334353446960449e-02
2.992647886276245117e-01 5.749853849411010742e-01 2.888664044439792633e-02
3.997248411178588867e-01 7.236434221267700195e-01 -5.686724558472633362e-02
3.737352490425109863e-01 6.677628159523010254e-01 -1.369686704128980637e-02
2.753656506538391113e-01 5.991586446762084961e-01 1.262897104024887085e-01
3.815640807151794434e-01 6.264007091522216797e-01 -3.837477648630738258e-03
3.672961294651031494e-01 7.051978111267089844e-01 -9.559053927659988403e-03
3.147144913673400879e-01 5.930140614509582520e-01 2.605788595974445343e-02
3.764143586158752441e-01 6.893333792686462402e-01 -3.984515368938446045e-02
2.823713719844818115e-01 7.180681824684143066e-01 1.313902139663696289e-01
3.740663230419158936e-01 6.028850674629211426e-01 1.033409312367439270e-02
3.854140639305114746e-01 6.793884634971618652e-01 -5.192976444959640503e-02
3.145066797733306885e-01 8.086338043212890625e-01 5.145093798637390137e-02
3.158463835716247559e-01 8.248751759529113770e-01 7.492639124393463135e-02
2.760407328605651855e-01 6.763523221015930176e-01 9.156676381826400757e-02
3.000785112380981445e-01 7.840592265129089355e-01 6.748194247484207153e-02
2.828826308250427246e-01 5.670028328895568848e-01 7.118836790323257446e-02
3.603297770023345947e-01 8.661369085311889648e-01 1.361549086868762970e-02
4.014151692390441895e-01 7.268598079681396484e-01 -4.060811549425125122e-02
3.630323112010955811e-01 6.799854040145874023e-01 -8.842886425554752350e-03
2.864260375499725342e-01 6.032139658927917480e-01 5.384285748004913330e-02
3.340730071067810059e-01 6.054400205612182617e-01 1.101069152355194092e-02
3.446881473064422607e-01 6.081231832504272461e-01 7.640598807483911514e-03
3.654091954231262207e-01 7.929801344871520996e-01 -3.487587440758943558e-03
2.888906598091125488e-01 7.107196450233459473e-01 5.044604092836380005e-02
3.813229203224182129e-01 8.891122341156005859e-01 1.715308800339698792e-02
3.476374149322509766e-01 8.637900352478027344e-01 4.198423400521278381e-02
3.330563306808471680e-01 8.480245471000671387e-01 5.614295229315757751e-02
4.127925336360931396e-01 4.967907369136810303e-01 -2.195534110069274902e-02
4.056788086891174316e-01 8.943153619766235352e-01 1.276938896626234055e-02
3.550600707530975342e-01 6.080356836318969727e-01 6.792716681957244873e-03
3.647471964359283447e-01 6.059443950653076172e-01 8.152756839990615845e-03
3.710063993930816650e-01 6.045351028442382812e-01 1.048608683049678802e-02
2.910588085651397705e-01 5.705280900001525879e-01 4.179700091481208801e-02
3.640208840370178223e-01 5.898934602737426758e-01 5.679809954017400742e-03
3.536333739757537842e-01 5.839381217956542969e-01 4.340390674769878387e-03
3.427192568778991699e-01 5.816712379455566406e-01 5.313210655003786087e-03
3.317096829414367676e-01 5.831880569458007812e-01 8.892333135008811951e-03
3.248503804206848145e-01 5.870250463485717773e-01 1.319349650293588638e-02
2.775140106678009033e-01 5.587900876998901367e-01 1.055171787738800049e-01
3.269623517990112305e-01 6.017788052558898926e-01 1.538232155144214630e-02
4.063419699668884277e-01 7.432053685188293457e-01 -3.031879477202892303e-02
3.689228594303131104e-01 7.482920885086059570e-01 -1.764048077166080475e-02
3.785520493984222412e-01 7.153827548027038574e-01 -3.227625414729118347e-02
3.907237350940704346e-01 7.441605925559997559e-01 -2.876178920269012451e-02
4.104242622852325439e-01 5.869656801223754883e-01 -2.292346581816673279e-02
3.298787474632263184e-01 8.312963247299194336e-01 3.936756029725074768e-02
3.445966541767120361e-01 8.485478758811950684e-01 2.716507390141487122e-02
3.802126348018646240e-01 8.800468444824218750e-01 1.604911405593156815e-03
3.024552464485168457e-01 7.981611490249633789e-01 9.845003485679626465e-02
3.710103929042816162e-01 5.977792739868164062e-01 8.486629463732242584e-03
3.886235654354095459e-01 6.445078849792480469e-01 -3.008607774972915649e-02
4.055303931236267090e-01 8.845679163932800293e-01 -2.290144795551896095e-03
3.631427586078643799e-01 8.781289458274841309e-01 2.722915261983871460e-02
2.804870009422302246e-01 7.146489024162292480e-01 8.982042968273162842e-02
3.857672810554504395e-01 7.891357541084289551e-01 -1.523540169000625610e-02
3.838357627391815186e-01 7.933220267295837402e-01 -1.738522574305534363e-02
3.818218111991882324e-01 8.000321388244628906e-01 -1.930284686386585236e-02
3.801549077033996582e-01 8.086288571357727051e-01 -1.746839657425880432e-02
3.763996958732604980e-01 8.219494819641113281e-01 -7.452814839780330658e-03
3.713504672050476074e-01 7.856102585792541504e-01 -6.146829109638929367e-03
3.676711320877075195e-01 7.843681573867797852e-01 -6.075973622500896454e-03
3.641316294670104980e-01 7.817980647087097168e-01 -6.155201233923435211e-03
3.510912358760833740e-01 7.696258425712585449e-01 -3.187720198184251785e-03
3.042528033256530762e-01 7.228521108627319336e-01 2.486617118120193481e-02
3.894212841987609863e-01 6.258488893508911133e-01 -1.889560371637344360e-02
3.838299512863159180e-01 5.897829532623291016e-01 8.555401582270860672e-04
3.764264583587646484e-01 5.928633213043212891e-01 6.076600868254899979e-03
3.739889562129974365e-01 7.833420038223266602e-01 -4.988977685570716858e-03
3.045754134654998779e-01 7.625424861907958984e-01 4.335653781890869141e-02
3.943626582622528076e-01 5.888559818267822266e-01 -1.445945259183645248e-02
3.689503073692321777e-01 8.366072177886962891e-01 -7.524521788582205772e-05
4.073999524116516113e-01 6.519296765327453613e-01 -5.270593985915184021e-02
3.968878686428070068e-01 6.359799504280090332e-01 -3.852915391325950623e-02
4.082928895950317383e-01 6.329663991928100586e-01 -4.181341454386711121e-02
3.800956606864929199e-01 6.728075742721557617e-01 -2.956662327051162720e-02
4.056889414787292480e-01 8.690006732940673828e-01 -9.204444475471973419e-03
4.059590101242065430e-01 8.489679694175720215e-01 -9.393555112183094025e-03
3.867195546627044678e-01 8.468672633171081543e-01 -6.563451141119003296e-03
3.432188332080841064e-01 8.053467273712158203e-01 1.143459416925907135e-02
3.570266664028167725e-01 7.176454663276672363e-01 -6.246608681976795197e-03
3.548887670040130615e-01 8.230355978012084961e-01 5.932301748543977737e-03
3.293232619762420654e-01 7.111819386482238770e-01 -1.245988969458267093e-04
3.459697663784027100e-01 7.331967353820800781e-01 -4.171887412667274475e-03
3.201811313629150391e-01 7.378227710723876953e-01 9.634373709559440613e-03
3.821029961109161377e-01 8.655179142951965332e-01 -5.208776332437992096e-03
3.737000823020935059e-01 6.824551224708557129e-01 -2.065077051520347595e-02
3.330529630184173584e-01 8.152433633804321289e-01 2.423299103975296021e-02
3.477938175201416016e-01 8.340598940849304199e-01 1.644870080053806305e-02
3.340305089950561523e-01 7.844921350479125977e-01 1.289464905858039856e-02
2.932025194168090820e-01 7.398775815963745117e-01 5.487449094653129578e-02
3.192234933376312256e-01 7.836934328079223633e-01 2.603086270391941071e-02
2.875931262969970703e-01 7.503892183303833008e-01 8.446094393730163574e-02
3.375793993473052979e-01 7.549518346786499023e-01 1.825980143621563911e-03
3.813158869743347168e-01 6.558446288108825684e-01 -2.133626304566860199e-02
3.802941143512725830e-01 7.100840806961059570e-01 -4.692721366882324219e-02
3.737389743328094482e-01 7.136362791061401367e-01 -3.346963971853256226e-02
3.845057785511016846e-01 6.983380317687988281e-01 -5.568734183907508850e-02
3.738736510276794434e-01 5.720676183700561523e-01 -2.846843097358942032e-03
3.543673157691955566e-01 5.599482059478759766e-01 -3.719096770510077477e-03
3.374847471714019775e-01 5.565812587738037109e-01 -1.646659220568835735e-03
3.234474658966064453e-01 5.582308769226074219e-01 4.172030836343765259e-03
3.138573765754699707e-01 5.652526617050170898e-01 1.230411510914564133e-02
3.068526387214660645e-01 5.968811511993408203e-01 3.151436522603034973e-02
2.743443548679351807e-01 6.389130353927612305e-01 8.865048736333847046e-02
3.150162696838378906e-01 6.243144869804382324e-01 2.128977328538894653e-02
3.272803425788879395e-01 6.311355829238891602e-01 1.341453846544027328e-02
3.433912098407745361e-01 6.322948336601257324e-01 7.744837552309036255e-03
3.586630523204803467e-01 6.293137669563293457e-01 4.346805159002542496e-03
3.704715967178344727e-01 6.241413354873657227e-01 3.853109898045659065e-03
3.786409199237823486e-01 6.188005805015563965e-01 2.567396499216556549e-03
2.767862677574157715e-01 6.372246146202087402e-01 1.355680078268051147e-01
3.744798302650451660e-01 7.180045247077941895e-01 -2.739580534398555756e-02
3.878461122512817383e-01 6.614540219306945801e-01 -3.938356414437294006e-02
3.877530992031097412e-01 7.116764187812805176e-01 -5.663746222853660583e-02
3.945192694664001465e-01 7.201069593429565430e-01 -5.188079178333282471e-02
3.882440626621246338e-01 7.141801714897155762e-01 -5.071894451975822449e-02
3.780180215835571289e-01 7.232182621955871582e-01 -2.333304099738597870e-02
3.963289856910705566e-01 7.221097350120544434e-01 -5.507031455636024475e-02
3.979178369045257568e-01 7.253566384315490723e-01 -4.071087762713432312e-02
3.783654868602752686e-01 6.044446229934692383e-01 8.342269808053970337e-03
3.853056132793426514e-01 6.091734766960144043e-01 7.781194290146231651e-04
3.889884054660797119e-01 6.125721335411071777e-01 -7.441284134984016418e-03
3.209788203239440918e-01 5.900325775146484375e-01 1.764386519789695740e-02
3.153911828994750977e-01 5.821187496185302734e-01 1.840011961758136749e-02
4.179542958736419678e-01 6.552640199661254883e-01 -4.902231693267822266e-02
5.009877085685729980e-01 6.101751327514648438e-01 1.218531187623739243e-02
4.165412485599517822e-01 7.238597869873046875e-01 -4.140742495656013489e-02
5.498883128166198730e-01 5.414441823959350586e-01 6.863814592361450195e-02
4.643326699733734131e-01 6.248807907104492188e-01 2.094166411552578211e-04
4.767664670944213867e-01 6.266627907752990723e-01 1.038130954839289188e-03
4.887935817241668701e-01 6.262431740760803223e-01 4.223172087222337723e-03
5.051907896995544434e-01 6.165972948074340820e-01 1.418879814445972443e-02
4.539901614189147949e-01 6.199649572372436523e-01 2.435202244669198990e-03
4.821374416351318359e-01 5.783100128173828125e-01 -4.756588954478502274e-03
4.686268568038940430e-01 5.791921019554138184e-01 -4.400636069476604462e-03
4.945809245109558105e-01 5.816047191619873047e-01 -7.969707367010414600e-04
5.028854608535766602e-01 5.883899331092834473e-01 3.961938899010419846e-03
5.151212811470031738e-01 6.285229921340942383e-01 2.026873826980590820e-02
4.504791498184204102e-01 8.575032353401184082e-01 2.702818717807531357e-03
5.055694580078125000e-01 6.056302785873413086e-01 1.616771146655082703e-02
5.537149310111999512e-01 6.184112429618835449e-01 7.389481365680694580e-02
5.298051834106445312e-01 6.153328418731689453e-01 3.239865601062774658e-02
4.695940613746643066e-01 6.993860006332397461e-01 -1.011698786169290543e-02
4.202410578727722168e-01 7.668747901916503906e-01 -3.291899338364601135e-02
4.179022610187530518e-01 7.836042046546936035e-01 -2.686553448438644409e-02
4.348345696926116943e-01 7.734066247940063477e-01 -2.660274505615234375e-02
4.438431262969970703e-01 7.804921865463256836e-01 -1.886013336479663849e-02
4.282246232032775879e-01 7.854824662208557129e-01 -2.312920242547988892e-02
4.362709522247314453e-01 7.874580025672912598e-01 -1.585574634373188019e-02
4.593501091003417969e-01 8.063324689865112305e-01 -7.310455548577010632e-04
4.153783321380615234e-01 7.159904241561889648e-01 -6.332089751958847046e-02
4.173609912395477295e-01 6.980926394462585449e-01 -6.738114356994628906e-02
5.230781435966491699e-01 5.677655339241027832e-01 8.422198705375194550e-03
4.464052021503448486e-01 6.536602377891540527e-01 -1.136904489248991013e-02
4.437103569507598877e-01 7.117308974266052246e-01 -3.440552577376365662e-02
4.452017545700073242e-01 7.017033100128173828e-01 -3.106839582324028015e-02
5.078734755516052246e-01 6.984804868698120117e-01 4.129705019295215607e-03
4.176801145076751709e-01 6.749864220619201660e-01 -6.044990569353103638e-02
4.946194887161254883e-01 5.462589859962463379e-01 -1.159105263650417328e-02
5.113905668258666992e-01 5.537431240081787109e-01 -2.258419990539550781e-03
5.381276011466979980e-01 5.095037221908569336e-01 4.433006420731544495e-02
4.392196238040924072e-01 5.587321519851684570e-01 -2.058740332722663879e-02
4.568381011486053467e-01 5.850473642349243164e-01 -4.647295863833278418e-04
4.685794711112976074e-01 7.912155985832214355e-01 1.439798157662153244e-03
5.342110395431518555e-01 7.777259349822998047e-01 1.099047362804412842e-01
4.345431625843048096e-01 7.212885618209838867e-01 -2.948449738323688507e-02
4.245475232601165771e-01 7.258384823799133301e-01 -2.974321134388446808e-02
4.540027678012847900e-01 7.911507487297058105e-01 -3.155992017127573490e-04
4.485224187374114990e-01 7.895094752311706543e-01 -3.721743822097778320e-03
5.190246701240539551e-01 5.417450666427612305e-01 3.080675611272454262e-03
4.439072608947753906e-01 7.191887497901916504e-01 -2.758966013789176941e-02
4.714104831218719482e-01 5.462238192558288574e-01 -1.804045028984546661e-02
4.740441739559173584e-01 5.314313769340515137e-01 -2.084575966000556946e-02
4.874459505081176758e-01 4.662787318229675293e-01 -1.954904524609446526e-03
5.286232829093933105e-01 5.255166292190551758e-01 2.024028822779655457e-02
4.793657362461090088e-01 4.987007379531860352e-01 -1.241332106292247772e-02
5.314112305641174316e-01 5.597044825553894043e-01 1.863695867359638214e-02
5.408219099044799805e-01 5.518474578857421875e-01 4.147206619381904602e-02
4.192621409893035889e-01 7.766522169113159180e-01 -3.143223747611045837e-02
4.311313927173614502e-01 7.809361219406127930e-01 -2.557719498872756958e-02
4.400181472301483154e-01 7.843234539031982422e-01 -1.848249696195125580e-02
4.314031302928924561e-01 7.240190505981445312e-01 -2.645127661526203156e-02
4.509989023208618164e-01 7.906340360641479492e-01 -2.088855719193816185e-03
4.465446770191192627e-01 7.935538887977600098e-01 -9.019730612635612488e-03
4.474122524261474609e-01 7.883570194244384766e-01 -3.942664712667465210e-03
4.284361898899078369e-01 7.158630490303039551e-01 -4.622365534305572510e-02
4.339733719825744629e-01 7.860845923423767090e-01 -1.387563999742269516e-02
4.258999824523925781e-01 7.859214544296264648e-01 -1.828288473188877106e-02
4.165113270282745361e-01 7.858786582946777344e-01 -2.175401151180267334e-02
4.215330779552459717e-01 8.317230343818664551e-01 -1.033833902329206467e-02
4.203518629074096680e-01 8.172103762626647949e-01 -2.264008857309818268e-02
4.197328686714172363e-01 8.073274493217468262e-01 -2.443164587020874023e-02
4.188618659973144531e-01 7.984198331832885742e-01 -2.214403636753559113e-02
4.179361760616302490e-01 7.921434640884399414e-01 -2.032428421080112457e-02
4.365403652191162109e-01 7.906740903854370117e-01 -1.283016521483659744e-02
4.382432103157043457e-01 7.929688096046447754e-01 -1.480504125356674194e-02
4.407007396221160889e-01 7.976628541946411133e-01 -1.661865226924419403e-02
4.430628716945648193e-01 8.034592270851135254e-01 -1.445284485816955566e-02
4.556168019771575928e-01 7.619875669479370117e-01 -1.512060407549142838e-02
5.515990257263183594e-01 6.925249099731445312e-01 1.261760294437408447e-01
4.416897296905517578e-01 7.901725769042968750e-01 -7.704699877649545670e-03
4.438589215278625488e-01 7.913349866867065430e-01 -9.030611254274845123e-03
4.205338656902313232e-01 7.330826520919799805e-01 -3.021036647260189056e-02
4.396240711212158203e-01 7.291187644004821777e-01 -1.841992698609828949e-02
4.223879277706146240e-01 7.296331524848937988e-01 -3.023770079016685486e-02
4.591773152351379395e-01 6.645104289054870605e-01 -7.567747496068477631e-03
4.794293045997619629e-01 6.770849823951721191e-01 -4.180824849754571915e-03
4.469669759273529053e-01 7.092662453651428223e-01 -2.422466315329074860e-02
5.185112953186035156e-01 4.837360382080078125e-01 1.916229352355003357e-02
5.094960927963256836e-01 5.068491101264953613e-01 2.564421622082591057e-03
4.997234046459197998e-01 5.316942930221557617e-01 -1.020434685051441193e-02
4.497720599174499512e-01 8.165612220764160156e-01 -5.704293027520179749e-03
4.437192380428314209e-01 5.347018241882324219e-01 -2.583624050021171570e-02
4.480492472648620605e-01 4.974426627159118652e-01 -2.060719020664691925e-02
4.537916779518127441e-01 4.575712084770202637e-01 -1.342247240245342255e-02
4.991753697395324707e-01 6.231386661529541016e-01 9.406166151165962219e-03
5.285051465034484863e-01 6.417803168296813965e-01 2.678502723574638367e-02
4.473415017127990723e-01 6.150178909301757812e-01 4.354075063019990921e-03
5.165198445320129395e-01 5.933603644371032715e-01 1.455523073673248291e-02
4.380006790161132812e-01 6.416763067245483398e-01 -1.546418573707342148e-02
4.366665482521057129e-01 7.052722573280334473e-01 -4.622901976108551025e-02
5.417023301124572754e-01 6.535193324089050293e-01 4.017758369445800781e-02
5.191471576690673828e-01 6.548486351966857910e-01 1.579513214528560638e-02
5.023914575576782227e-01 6.612820029258728027e-01 4.649204201996326447e-03
4.781855940818786621e-01 6.572698354721069336e-01 2.696699812076985836e-04
4.608357846736907959e-01 6.490642428398132324e-01 -2.006672555580735207e-03
4.480863511562347412e-01 6.401253342628479004e-01 -4.786591045558452606e-03
4.213251471519470215e-01 6.173835396766662598e-01 -2.732737362384796143e-02
5.379063487052917480e-01 6.910478472709655762e-01 3.697336465120315552e-02
5.273905396461486816e-01 5.897762775421142578e-01 2.042078226804733276e-02
4.114177823066711426e-01 7.243769168853759766e-01 -5.725420266389846802e-02
4.438160359859466553e-01 6.719220280647277832e-01 -1.645513996481895447e-02
5.576905012130737305e-01 6.153948307037353516e-01 1.152423471212387085e-01
4.386123120784759521e-01 6.300240159034729004e-01 -6.199776660650968552e-03
4.484764039516448975e-01 7.098301053047180176e-01 -1.229152083396911621e-02
5.094570517539978027e-01 6.064155101776123047e-01 1.858469285070896149e-02
4.378565251827239990e-01 6.929796338081359863e-01 -4.190362989902496338e-02
5.453553199768066406e-01 7.344663143157958984e-01 1.214937493205070496e-01
4.476463794708251953e-01 6.081583499908447266e-01 7.135484833270311356e-03
4.282431304454803467e-01 6.819173693656921387e-01 -5.341641604900360107e-02
5.039703845977783203e-01 8.210564851760864258e-01 4.444833472371101379e-02
5.035401582717895508e-01 8.376006484031677246e-01 6.769845634698867798e-02
5.505977272987365723e-01 6.929553151130676270e-01 8.134797215461730957e-02
5.206394195556640625e-01 7.982167601585388184e-01 5.940508097410202026e-02
5.478107929229736328e-01 5.827016234397888184e-01 6.116151809692382812e-02
4.526793658733367920e-01 8.726707696914672852e-01 1.038424391299486160e-02
4.104309380054473877e-01 7.274322509765625000e-01 -4.094907268881797791e-02
4.546372592449188232e-01 6.852990984916687012e-01 -1.214284449815750122e-02
5.409492254257202148e-01 6.185307502746582031e-01 4.429350793361663818e-02
4.881143867969512939e-01 6.157616972923278809e-01 5.112196318805217743e-03
4.772882461547851562e-01 6.169511675834655762e-01 2.393865492194890976e-03
4.495705366134643555e-01 7.970875501632690430e-01 -6.969652138650417328e-03
5.333638191223144531e-01 7.255096435546875000e-01 4.136888682842254639e-02
4.304290711879730225e-01 8.927455544471740723e-01 1.527718082070350647e-02
4.672340154647827148e-01 8.724949955940246582e-01 3.742281347513198853e-02
4.837553799152374268e-01 8.586819171905517578e-01 5.041759833693504333e-02
4.667600989341735840e-01 6.154899597167968750e-01 2.222438808530569077e-03
4.569949507713317871e-01 6.121571063995361328e-01 4.219660069793462753e-03
4.507382214069366455e-01 6.101171374320983887e-01 6.950267590582370758e-03
5.370575189590454102e-01 5.858188271522521973e-01 3.258845210075378418e-02
4.587194919586181641e-01 5.965652465820312500e-01 1.697121886536478996e-03
4.696155190467834473e-01 5.920774340629577637e-01 -4.414975701365619898e-04
4.805784225463867188e-01 5.915576815605163574e-01 -2.670258982107043266e-05
4.915319979190826416e-01 5.946772098541259766e-01 2.705059712752699852e-03
4.983804821968078613e-01 5.993281006813049316e-01 6.492934189736843109e-03
5.561409592628479004e-01 5.746758580207824707e-01 9.467843919992446899e-02
4.956622421741485596e-01 6.131051182746887207e-01 8.929653093218803406e-03
4.449517726898193359e-01 7.523902058601379395e-01 -2.023863792419433594e-02
4.348861873149871826e-01 7.188062071800231934e-01 -3.390124812722206116e-02
4.222081899642944336e-01 7.458692193031311035e-01 -2.985474094748497009e-02
4.865447580814361572e-01 8.420634269714355469e-01 3.363296017050743103e-02
4.701436460018157959e-01 8.574253916740417480e-01 2.279108576476573944e-02
4.311502873897552490e-01 8.837158679962158203e-01 -2.742333163041621447e-04
5.196310281753540039e-01 8.124366998672485352e-01 9.008845686912536621e-02
4.510193169116973877e-01 6.034526824951171875e-01 4.882412496954202652e-03
4.284930825233459473e-01 6.469662189483642578e-01 -3.164276853203773499e-02
4.499906897544860840e-01 8.844932317733764648e-01 2.384874969720840454e-02
5.444349646568298340e-01 7.309801578521728516e-01 8.007894456386566162e-02
4.281724393367767334e-01 7.913351655006408691e-01 -1.717282645404338837e-02
4.298585057258605957e-01 7.957025170326232910e-01 -1.921713352203369141e-02
4.315985739231109619e-01 8.027569651603698730e-01 -2.125779725611209869e-02
4.330142438411712646e-01 8.116325139999389648e-01 -1.950931176543235779e-02
4.371532499790191650e-01 8.255748152732849121e-01 -9.831123985350131989e-03
4.434623718261718750e-01 7.887446880340576172e-01 -9.396879933774471283e-03
4.470246732234954834e-01 7.880255579948425293e-01 -9.658913128077983856e-03
4.507316052913665771e-01 7.857824563980102539e-01 -9.838547557592391968e-03
4.641247093677520752e-01 7.755752801895141602e-01 -7.612203713506460190e-03
5.156354308128356934e-01 7.354104518890380859e-01 1.701427623629570007e-02
4.296123981475830078e-01 6.283597946166992188e-01 -2.052350714802742004e-02
4.382236599922180176e-01 5.935871005058288574e-01 -1.104329829104244709e-03
4.457027018070220947e-01 5.975925922393798828e-01 2.983061829581856728e-03
4.410034120082855225e-01 7.862976789474487305e-01 -8.172007277607917786e-03
5.151311159133911133e-01 7.755359411239624023e-01 3.561041504144668579e-02
4.269309043884277344e-01 5.910818576812744141e-01 -1.580270752310752869e-02
4.445225298404693604e-01 8.415051102638244629e-01 -2.600628416985273361e-03
4.197772741317749023e-01 6.374307274818420410e-01 -3.934838250279426575e-02
4.357298910617828369e-01 6.761020421981811523e-01 -3.146082162857055664e-02
4.256375730037689209e-01 8.495464324951171875e-01 -7.888857275247573853e-03
4.721396267414093018e-01 8.131860494613647461e-01 6.863249931484460831e-03
4.588185548782348633e-01 7.233533263206481934e-01 -9.720861911773681641e-03
4.596064090728759766e-01 8.297184109687805176e-01 2.329529961571097374e-03
4.886080622673034668e-01 7.204353213310241699e-01 -5.851656198501586914e-03
4.700447618961334229e-01 7.402621507644653320e-01 -8.519410155713558197e-03
4.979065060615539551e-01 7.483984231948852539e-01 3.115036292001605034e-03
4.295761585235595703e-01 8.687599897384643555e-01 -6.864380557090044022e-03
4.425738751888275146e-01 6.865353584289550781e-01 -2.298062294721603394e-02
4.828940033912658691e-01 8.250100016593933105e-01 1.888102665543556213e-02
4.668715000152587891e-01 8.421013355255126953e-01 1.236772071570158005e-02
4.822435677051544189e-01 7.931469082832336426e-01 7.281344849616289139e-03
5.282949805259704590e-01 7.543696165084838867e-01 4.621252045035362244e-02
4.984247386455535889e-01 7.947936058044433594e-01 1.935174129903316498e-02
5.357268452644348145e-01 7.659425139427185059e-01 7.531610131263732910e-02
4.786814153194427490e-01 7.628623843193054199e-01 -3.339484333992004395e-03
4.360483884811401367e-01 6.591665744781494141e-01 -2.341244369745254517e-02
4.323334097862243652e-01 7.133145332336425781e-01 -4.876182228326797485e-02
4.398036003112792969e-01 7.176138758659362793e-01 -3.555889800190925598e-02
4.277105033397674561e-01 7.009773254394531250e-01 -5.706964060664176941e-02
4.489172399044036865e-01 5.772363543510437012e-01 -5.742027889937162399e-03
4.693336486816406250e-01 5.679785609245300293e-01 -7.976094260811805725e-03
4.868649840354919434e-01 5.670657157897949219e-01 -7.296929601579904556e-03
5.012637972831726074e-01 5.707398056983947754e-01 -2.591402735561132431e-03
5.112924575805664062e-01 5.790107846260070801e-01 4.814952146261930466e-03
5.182395577430725098e-01 6.106098890304565430e-01 2.353014238178730011e-02
5.541559457778930664e-01 6.555468440055847168e-01 7.801422476768493652e-02
5.078967809677124023e-01 6.362407803535461426e-01 1.394356042146682739e-02
4.947878718376159668e-01 6.412943601608276367e-01 6.970264483243227005e-03
4.780190885066986084e-01 6.405912041664123535e-01 2.363716252148151398e-03
4.623631834983825684e-01 6.357905268669128418e-01 1.409787946613505483e-04
4.504770040512084961e-01 6.293374896049499512e-01 6.786340964026749134e-04
4.422371983528137207e-01 6.229864954948425293e-01 -6.000144276185892522e-05
5.549958944320678711e-01 6.535359025001525879e-01 1.247012466192245483e-01
4.392388463020324707e-01 7.218902111053466797e-01 -2.940186671912670135e-02
4.275221228599548340e-01 6.638022065162658691e-01 -4.092399030923843384e-02
4.238828122615814209e-01 7.139107584953308105e-01 -5.781658366322517395e-02
4.172443747520446777e-01 7.215566635131835938e-01 -5.252773314714431763e-02
4.237976968288421631e-01 7.165088057518005371e-01 -5.185584351420402527e-02
4.357992410659790039e-01 7.266891598701477051e-01 -2.512375637888908386e-02
4.151552021503448486e-01 7.232597470283508301e-01 -5.567852035164833069e-02
4.141187071800231934e-01 7.264108061790466309e-01 -4.112470895051956177e-02
4.431480169296264648e-01 6.090879440307617188e-01 5.598570685833692551e-03
4.357960522174835205e-01 6.126756668090820312e-01 -1.336306100711226463e-03
4.315250217914581299e-01 6.153625249862670898e-01 -9.112116880714893341e-03
5.024202466011047363e-01 6.028369665145874023e-01 1.078364625573158264e-02
5.090307593345642090e-01 5.955588817596435547e-01 1.113555487245321274e-02
